id,predict_data,mse,rmse,norm_corr,smooth,skip,129_pearson,result_corr
0, 12.0684805   9.992576   12.7795515  14.853925   17.117321   18.640223  23.081173   27.30248    31.450195   31.14735    34.637897   36.06932  39.970554   45.62021    45.143734   47.673645   54.59539    57.580982  63.151108   69.13283    70.984886   73.19248    76.11285    76.81267  79.304214   81.395096   90.05752    89.4817     90.97476    96.17696 104.470184  108.02518   108.30094   106.44369   107.938736  113.00725 114.86319   123.14754   115.43409   118.90075   118.066124  120.07507 121.88624   128.2189    128.85245   128.88783   125.199875  123.15653 123.189156  125.7348    130.84172   128.90767   124.2866    120.54879 118.911545  122.37428   127.070946  128.17651   124.19536   125.81401 125.286736  125.41923   125.145065  121.705925  120.53656   116.35089 114.63947   112.04432   120.39576   122.75406   120.63264   116.52739 110.53528   109.770294  110.74626   108.12333   107.58371   104.96282 102.42953   100.03042   101.461876  106.33048   102.7172     99.23104  94.91552    92.50157    90.94616    86.31702    85.510315   87.29773  85.441246   82.09833    76.599      75.62121    75.765686   70.0087  64.260086   58.81773    56.2734     55.625965   55.268177   57.14623  54.148888   43.498215   40.188763   38.13182    36.303642   32.174118  30.235605   25.435993   23.083145   18.341682   17.412271   17.179905  18.55251    12.398565    6.3861356   4.0519342   3.6350908   1.785331 ,939.8260354,30.65658225,0.0,weighted3,13,0.3119665132881802,0.8149178291641408
1,  1.6632577   -1.0826087    1.5445513    3.4791312    5.3220406   9.296352    14.581725    19.296358    21.420416    22.196136  25.551619    25.74973     29.28219     34.71574     32.46499  34.537964    42.08956     44.123127    50.18847     55.6729  58.949528    59.644135    63.851624    63.360443    63.526356  66.552444    72.92463     71.88986     71.64081     79.23957  87.53708     93.88293     95.82739     93.93354     94.936005 101.81891    102.08002    106.22567     97.8023     102.61935 100.68672    103.0433     106.43713    115.70792    117.18251 118.36129    112.85374    110.890114   111.82402    111.87791 118.08807    113.886406   110.25541    105.9022     104.709114 109.31385    115.05469    115.68795    112.899315   113.38332 110.292885   110.14196    108.45019    105.946365   103.348366  97.69501     94.74883     90.15734     98.24681     99.36036  97.50363     96.63993     89.31514     86.239       85.07651  81.560684    79.81591     74.78725     70.62137     66.23946  66.36154     69.857635    66.57029     64.528946    62.210762  59.34303     59.66578     55.15496     52.67002     50.53676  48.718327    45.25907     42.274826    41.008392    43.781395  36.968094    34.279526    33.830482    31.561646    30.889507  30.160875    33.607548    29.554937    19.807821    17.544512  15.878514    16.027735    17.13137     16.620474    15.888596  15.197032    13.111899    11.564622    10.15102     12.067429   7.307128     2.0613825    0.93744034   0.17590532  -0.4266568 ,239.5558307,15.47759124,0.9979841996045772,weighted3,13,0.3267899546272437,0.9251060834089909
2, 37.22929   34.269043  36.69189   41.056694  45.662895  52.744484  58.00515   64.42748   66.72801   66.27314   69.43942   70.34175  74.54516   81.7108    77.69149   78.52474   85.5478    89.403595  95.83632   98.192764  97.90163   98.15293  103.393074 100.89979 101.63024  101.008766 105.81508  103.511116 101.708916 104.720924 113.418915 117.8716   118.08142  113.13392  112.864525 119.96396 118.9428   122.45046  111.638565 111.193436 108.69423  108.73968 110.725876 117.54286  116.11151  113.34283  108.924    105.7063 105.16666  104.59026  109.879166 107.165535  98.97685   93.12735  89.17473   93.86066   96.127754  92.49684   87.76141   90.354774  88.92214   87.34254   88.37743   84.910385  80.39266   76.310295  74.004944  67.85366   76.37547   76.568756  74.02381   72.82239  66.44242   65.59195   63.10343   60.50309   58.09544   51.867306  50.580727  47.67681   48.763893  53.67196   48.258945  44.376266  41.822926  37.838196  38.207733  32.57017   31.251411  31.42998  32.266216  30.119709  28.650736  26.793255  27.073908  20.895664  18.63579   19.191961  18.307932  19.008728  20.653421  24.198828  21.358273  11.430234  10.633166   9.681562  11.838416  12.478818  14.326044  13.947989  14.47805   13.520827  15.569633  15.801731  16.979387  13.252817  12.166182  14.321926  14.723776  13.998448,268.9892434,16.40089154,0.997786954240384,weighted3,13,0.3461865078573294,0.9216277353590706
3, 63.000694   62.846302   70.01369    83.53313    90.08461    98.11981 104.56701   106.09548    99.14551    94.669785   95.64541   103.48792 106.32785   111.72972   104.05891   102.630905   98.67834   100.09326 114.57928   119.13781   112.12498   107.51269   107.21869   100.64754 111.07914    99.44051   102.51439   100.99232    95.662315   92.760864  96.34857   100.35751    96.09412    92.99246    93.68534    99.83271  99.89287    99.666145   92.58034    84.46697    84.94737    79.03446  84.12251    81.59218    84.11175    75.51607    79.331726   74.44915  71.31013    73.920586   77.674736   78.90524    66.33781    60.24535  52.206894   61.19259    59.88064    53.78858    46.770332   53.81884  54.030716   51.9798     54.89249    48.139446   43.5825     45.04457  45.354668   40.198914   46.260963   49.30281    47.25942    46.100872  41.2794     41.733727   42.076504   41.15967    38.69126    30.896198  34.110703   34.965366   39.04248    42.60608    39.87493    34.185543  29.111261   22.862823   21.860435   17.807219   12.052672   14.868061  20.389345   23.61887    20.590372   14.899268   12.787947    8.748362   8.810583   12.166874    9.740867   10.969666   14.760628   13.25224  11.010693    6.072143    9.84489     9.641025    7.62425     6.9928155  11.673776   13.637508   16.276363   17.951963   22.480238   27.925432  27.97682    25.556665   28.907114   31.837105   34.235867   34.614372 ,311.096334,17.63792318,0.998740819704094,weighted3,13,0.3637518892234881,0.9222934824916548
4,133.31277  127.26775  127.298615 130.34547  128.92628  140.69142 142.16896  149.22318  146.27638  138.35536  138.50307  140.7474 137.57901  139.03833  129.22841  121.67367  124.14023  125.72979 131.2958   124.5534   118.880035 116.84279  121.10903  116.14696 117.80081  109.49992  106.33027  101.89231   94.24825   87.41249  94.1025    92.90623   89.86941   83.59999   84.38913   91.49823  91.50977   92.40964   81.86823   72.243744  73.63716   70.191605  72.66924   75.14007   71.36537   61.308563  66.284225  63.157948  60.449757  60.138607  65.73902   67.116806  55.74316   50.567947  44.474113  50.14479   43.09368   35.18681   27.841223  31.563713  35.686596  30.37379   36.44626   35.022705  27.366096  31.353662  29.261383  21.1585    24.847517  25.41426   25.109592  22.653894  17.565577  21.406775  22.220682  20.91108   13.135278  10.803257  15.659244  17.029663  20.33211   28.935299  29.307186  24.004974  23.489956  16.199207  16.275375  14.783236  15.002294  16.29344  22.909697  27.984344  29.329683  26.340136  26.995478  28.349295  31.229795  36.03229   35.117752  35.82048   40.174664  38.28155  44.078743  41.773857  44.31616   44.021645  49.99925   54.692562  59.0691    66.34123   70.28137   73.77326   79.89297   83.843506  82.43055   86.68773   94.04034  102.36553  101.56874  103.72516 ,471.062011,21.70396302,0.9951398680769874,weighted3,13,0.364461611144042,0.9077885342337345
5, 89.20345   85.21902   87.900826  89.3931    84.571785  91.490585  92.06334   94.72257   88.67586   83.31786   82.56903   84.965744  80.79566   77.20539   67.62637   63.821266  63.935623  61.08567  66.81333   64.990585  64.26586   61.225376  61.84697   57.56752  59.73421   54.934635  53.474487  49.399727  43.591377  44.012447  44.950993  46.062393  43.326195  41.13685   42.61447   48.501213  49.000378  48.45804   41.846237  38.173355  38.020157  36.138397  39.11644   40.28063   41.02656   36.888783  37.015186  35.5519  34.854164  34.340744  39.045273  36.769966  30.607033  27.418526  24.245502  29.214815  28.77199   24.773113  21.557106  21.253199  21.824268  20.561617  22.663153  20.526533  15.041329  15.904291  15.915617  10.790419  13.644639  18.58268   19.278769  21.66186  16.96015   16.762156  19.633913  17.72635   12.937346  11.716294  13.98642   17.546871  20.163263  27.820095  34.177364  35.349457  37.6544    34.831444  35.96204   36.209526  33.457935  33.28446  37.895912  43.11336   44.57037   43.715984  48.77898   49.194656  56.495323  65.09425   62.61449   60.174526  60.523434  59.712986  63.839565  64.81237   67.612076  65.87648   68.359695  74.46848  78.810165  89.38977   90.79469   93.80652   92.89461   97.32664  97.479546  98.317024 100.15705  103.05448   99.48911  101.38794 ,631.5463499,25.13058594,0.9867539597436056,weighted3,13,0.3617494626313103,0.9315372439011288
6,121.74489   117.80803   120.913666  118.03987   109.09906   110.8407 107.10308   108.83262   103.1009     97.67899    96.279396   98.786354  91.61012    83.80422    74.22851    70.83003    69.351364   64.14057  64.450615   59.108883   61.997253   59.48461    58.41953    54.88992  54.564335   51.109776   49.10082    43.523552   39.03792    39.004925  36.171467   31.5638     26.881693   24.44126    27.646338   31.287996  33.839634   34.102516   28.473253   25.975548   25.119858   23.771011  25.207779   23.964327   22.617664   19.247255   18.531727   18.3925  18.419899   19.020727   20.800909   18.390358   15.644187   13.4508505  13.38329    16.699722   17.973936   13.113401   11.044657    7.472922   9.114582   10.370921   12.495119   11.529471    7.8177295   8.231288  10.640912    9.1702     10.307712   18.172037   19.167904   21.071423  18.60086    17.829046   22.532213   22.194939   20.150469   23.14352  25.852734   32.55167    34.930775   43.81117    54.387646   58.2978  62.92176    62.291794   64.0954     65.739494   64.82242    67.23975  70.963425   77.169075   79.71673    81.21536    87.126724   91.24095 100.6512    108.491325  104.96797   101.97171   100.78663   100.05406 106.592255  110.995255  113.427765  112.14131   114.01442   120.3572 124.89896   137.30682   136.64107   138.79074   135.4702    141.33397 141.64989   141.46553   141.45676   143.36504   138.05365   141.624    ,240.8641335,15.51979811,0.9802651366512188,weighted3,13,0.356697993763773,0.9542798930123445
7,118.525856  109.87427   106.491585   99.94317    86.67398    89.988686  85.41715    91.66381    92.122925   83.911446   82.90692    80.6912  71.145836   62.30578    53.373802   46.88038    52.743893   48.74381  45.502354   37.418045   37.48307    36.6571     38.492573   37.260635  35.754417   32.720863   32.12848    25.95014    20.690805   17.634104  18.543402   13.704874   13.631642    7.509061    8.081777   11.569786  14.226289   19.747107   10.210184    7.4907584   9.097612    8.5819435   8.359175   11.937948    8.175113    5.722302    8.003244    8.030218   9.369425    9.052749   12.808438   13.395382   11.225554   11.238741  10.464746   14.157881   14.013126   14.00058    14.611658   14.009024  19.719542   18.83889    23.301956   26.05594    21.65189    26.096886  27.002777   23.31158    28.673407   36.475655   41.617966   42.263157  40.934864   45.26651    49.946705   49.307972   45.77579    53.688866  58.893993   65.10568    67.969475   81.59305    91.930626   98.27693 103.66521   102.66291   101.949684  102.58021   107.32659   111.07405 113.66154   119.32214   119.99341   121.98496   125.86064   131.50238 139.17554   141.91858   138.08803   134.66637   134.42924   131.25615 139.05904   140.31319   138.38654   132.86583   136.97134   142.6068 142.76767   153.12392   149.85936   149.38196   147.60944   152.26845 149.59851   150.2138    148.9814    151.40291   142.73615   142.10017  ,502.0822924,22.40719287,0.983146942051315,weighted3,13,0.3552216254972622,0.9074101899107893
8, 61.519978    57.549713    61.51136     59.601562    50.451977  44.35988     41.327747    42.78781     39.784386    36.770103  37.85991     40.49857     33.84189     28.26851     22.46838  21.577074    21.182825    14.758622    13.268373    11.979276  15.851948    12.114554    10.163703     8.288259     8.546526   5.5079966   10.002332     6.01154      2.2532535    3.4418635   1.4249582   -1.3015598   -0.62098384  -5.0374312   -2.0155375   0.67575717   5.0299497    6.9588175    0.78012425   3.9717648   4.6731715    3.5315182    8.475372    12.861988    14.117533  16.328415    18.802319    18.792892    22.540861    26.33971  26.819826    27.617132    31.65315     31.69493     35.7897  46.61494     57.03304     60.6355      64.606575    66.05454  65.9734      69.8304      69.45105     73.71434     75.26259  75.41685     77.4631      80.88739     89.00041     98.01807 102.60392    102.46861    102.04506     99.82648    101.19764 101.02157    107.84871    112.19603    112.134895   112.76933 112.6341     116.85537    121.992096   129.64276    131.79321 129.85426    129.41975    127.947205   128.19894    130.90791 127.47411    128.372      123.646545   122.75696    124.33695 127.45491    129.81752    127.2305     119.28613    119.39168 118.46191    116.688225   111.97539    111.526886   107.95784 105.06132    101.159485   106.62639    105.950485   110.65657 104.950905   102.51446     98.3261     101.37446    100.29273  94.66159     85.39837     81.96545     77.39378     79.50811   ,291.6493123,17.07774319,0.9888637846472186,weighted3,13,0.3555620061442445,0.9498861565353234
9, 37.500366   32.169796   34.078136   29.474041   20.901691   18.970066  17.954865   21.056822   19.531261   16.621399   18.94094    19.816357  14.138223   12.262153    8.125541    5.575852    9.25567     5.085771   4.5985394   4.4908247   7.051001    5.452868    6.3821874   6.320998   3.8583145   4.6862564   8.268498    6.1702657   0.9804535   3.3523493   7.8711095  10.22402    13.568524   10.962748   14.048272   19.776323  22.61371    24.981993   19.284388   23.881449   26.366339   28.141117  34.64979    46.13175    49.251984   53.228428   56.998722   57.8185  61.631554   64.99807    70.362946   71.0391     74.85232    75.510704  80.60086    92.43287   100.7991    107.79222   110.70373   113.58483 112.223785  112.19339   111.61674   119.21145   119.70014   119.701004 116.678085  117.851006  126.12497   129.58266   134.05313   131.51811 127.38725   125.682434  125.77916   122.00633   125.75636   128.15382 125.03673   119.559235  117.73418   119.475044  118.87677   122.6051 122.69099   117.28232   116.12657   115.64151   115.64008   112.88999 107.9562    106.22715    98.77124    96.43668    99.070045   99.86813  96.50935    91.61257    84.61282    85.60088    86.133      84.38915  77.26876    73.70204    68.330894   66.55598    64.85191    71.12304  68.836334   70.151276   66.630875   64.42586    61.905525   60.216377  59.42575    57.698418   48.910084   46.057213   43.887672   46.50602  ,195.8757711,13.99556255,0.9906164953865731,weighted3,13,0.3601908903716186,0.9720072425529377
10,  9.121505     3.6448863    4.2973647    1.1837765   -4.495293  -3.7953832   -1.539927     3.1141565    4.139608     2.8134809   5.8362317    4.930277     2.7065704    3.823251     1.1287154  -0.20886362   7.1776137    5.5883503    7.504914     9.919212  14.465348    14.079392    17.535542    18.360329    15.993718  19.333746    24.187918    23.028112    20.395857    26.60727  34.35441     39.271137    43.985397    42.149303    44.73234  51.437294    53.860073    57.352875    50.08219     57.17406  58.430397    61.647038    67.851166    81.32237     83.97742  87.58166     87.60916     87.414314    90.67475     92.11461  98.97701     97.020195    99.60567     98.23996    101.33991 109.90215    117.480644   123.22133    124.07461    125.01131 122.832985   122.54876    120.491554   124.39415    123.66376 120.989365   116.760445   114.48194    122.623634   124.4767 126.64978    124.54799    118.04931    115.11856    114.68762 110.82501    110.6185     110.25727    105.47925     98.74973  97.30749     99.76617     98.902824   100.0728      99.25517  94.569496    94.18909     91.9754      91.06849     86.77853  82.178925    79.00239     73.739426    71.79858     75.65083  73.016205    69.96715     66.5831      61.213142    61.092457  60.16259     60.470665    55.349815    48.319492    43.361584  41.013275    40.638447    46.01404     42.682243    43.50987  41.451023    39.264446    36.609337    33.730576    34.02506  31.57126     23.429459    21.37638     18.877495    20.115501  ,432.521263,20.79714555,0.9883073714248058,weighted3,13,0.3834180365405271,0.9336443211800562
11, 12.35517    8.765589  10.685988  10.859316  10.852713  13.886185  17.834507  23.143753  25.651634  26.264074  29.518532  28.962248  31.062824  35.21226   32.542656  34.03226   42.033165  43.288185  47.088806  50.525017  54.875706  55.41196   59.898853  59.497528  57.977886  61.375736  67.0563    65.2745    64.7274    71.91463  79.61823   84.46886   86.82352   83.99445   85.178085  91.804565  92.42903   96.25277   87.22519   92.506744  90.45692   92.98004  96.274445 106.26734  106.693924 108.21913  102.81818  101.22107 102.79954  102.58457  108.20905  104.06553  101.89364   97.84997  97.75749  102.569176 108.90125  109.50267  107.66371  107.46443 104.67709  104.941536 103.31883  102.15791   99.74338   94.222336  91.499016  87.38425   95.50498   97.06193   95.905334  95.246216  88.55809   85.36414   83.935684  80.8273    79.68937   75.96398  71.89888   67.65403   67.32776   71.235695  68.96733   68.24926  67.15051   64.45946   65.17777   60.84877   59.3769    57.32755  55.013485  51.691772  49.428318  48.6739    51.78091   46.296288  44.59629   44.18877   41.494785  40.9753    40.021755  43.525063  39.91249   31.015747  28.287882  26.535524  27.318806  29.94094  29.315107  29.812038  28.629696  26.679857  24.803526  23.372396  24.990902  20.44306   14.77518   14.000657  12.392612  12.367276,563.7100284,23.74257838,0.9871688272576526,weighted3,13,0.390108030833825,0.9305390675180217
12, 22.377611  19.606329  22.368856  25.199495  28.153223  33.010307  37.764206  43.303978  45.457108  46.033375  49.241776  49.679134  53.330696  59.116333  55.72366   57.570118  64.683426  67.20577  72.62449   76.00126   78.26649   78.51216   83.13744   81.41359  81.22948   82.618805  88.09822   85.98264   85.06566   90.658936  98.292366 103.07964  104.039246 100.19836  100.54056  107.30508 106.89053  110.23551  100.382256 102.88354  100.05049  101.18138 103.64239  111.42969  111.02522  110.5354   104.74243  102.23069 102.7169   102.194885 107.27347  103.42102   98.03264   92.85471  90.69512   95.27198  100.08254   98.13539   94.89214   95.87103  93.30817   93.084816  92.55128   89.64982   86.218765  80.83656  78.73396   73.75921   82.13223   83.29837   81.123634  80.73852  74.31566   71.86479   69.73122   66.98066   65.65566   60.180935  57.40661   54.187622  54.58663   58.84232   55.012196  52.98097  51.26268   48.374466  49.154427  43.945774  42.16414   41.445637  40.79244   38.00874   36.426796  35.271114  37.00667   30.764988  29.190472  29.858738  28.18947   28.20903   28.389963  32.40314  28.846216  19.470972  18.041157  16.784916  17.99597   19.486906  20.566872  20.763433  20.350935  18.944424  18.726833  18.388508  20.051867  15.307905  11.804908  12.255047  11.744556  11.319962,712.0723491,26.68468379,0.9864631781366876,weighted3,13,0.3994338810629166,0.8701726028422045
13, 82.704414  84.09846   93.540115 106.66992  114.31769  119.113266 124.05646  124.677124 117.36768  114.2258   115.49723  125.00511 128.2233   133.99408  126.86634  126.90537  120.558914 121.70764 134.15672  137.34595  132.624    128.11183  126.94882  120.015076 129.11163  117.8342   120.89332  118.84901  114.684166 111.51103 113.446396 114.159035 107.641014 104.29294  106.547104 111.733864 112.714066 111.7275   105.24439   97.3906    96.52378   90.43567  95.202644  90.67751   91.7779    82.65812   85.37733   80.65058  77.35676   81.16585   82.45801   83.378456  71.745316  64.808586  58.478615  67.07692   67.0838    58.368324  50.53788   56.106102  55.705013  55.355152  57.930412  50.854103  47.63515   47.275238  48.95392   46.468777  51.382877  54.868652  51.12331   48.762997  44.818542  43.614582  43.589603  43.812866  44.06185   36.11145  38.607597  39.92808   43.424225  45.44476   42.21041   35.748272  30.54145   24.649635  24.596094  20.383615  14.464801  18.769407  23.654102  26.386797  23.912985  18.729658  16.037167  12.944294  12.496093  14.980518  12.258147  14.625174  18.193052  17.993774  15.244488  11.248808  15.578498  17.529936  14.595996  13.471003  19.427654  20.809488  23.19675   24.69132   28.951963  34.97346  35.947506  32.271225  35.10661   37.922173  41.653114  44.248962,246.9665866,15.71517059,0.990325894397208,weighted3,13,0.4113841086733659,0.9609808369956498
14,135.58374  134.38731  141.12851  146.45978  147.39236  153.09126 153.40128  155.19351  147.43675  142.17691  142.08821  149.35655 147.30128  148.03458  138.72447  135.22153  129.86923  129.02713 135.54979  131.63632  128.97194  125.55475  125.228355 118.94156 122.28218  113.47732  111.238976 107.1726   101.15704   96.37821  97.42111   94.21012   86.69823   83.35254   86.869934  92.26833  93.51146   91.55917   85.43528   76.888084  76.38364   71.98274  75.36944   72.01215   70.561905  61.34049   64.38076   61.712982  58.708145  61.20539   63.096313  63.234947  53.567135  47.913864  44.24515   50.57032   47.64635   37.59387   29.88716   31.589529  32.713     31.186647  35.154816  31.675138  26.995459  27.834654  28.831852  26.229433  27.446915  30.547369  27.785963  25.601694  21.653135  21.320297  23.004023  22.713326  20.433033  16.492485  19.586666  22.669441  25.473057  29.846462  30.999708  25.988972  24.771345  19.019342  20.313549  19.713633  16.120626  18.921156  24.790228  29.935444  30.569712  27.708933  28.658812  30.078022  33.213356  38.85101   36.665276  37.95206   41.109665  40.55426  43.353756  44.314434  49.102345  51.939877  53.242283  56.525127  63.709736  70.69173   74.03065   77.580574  80.94665   86.747894  87.52031   88.56974   93.69712   98.9404   100.585106 105.964905,899.4250391,29.99041579,0.995747408533556,weighted3,13,0.4099681515688787,0.8377121118437212
15,138.39055   136.53168   142.53123   141.1168    136.02998   139.35263 136.07443   136.71996   128.49915   123.88734   122.80448   127.93561 122.45083   117.6104    107.703835  104.71475   100.20103    96.12323  98.03465    92.54275    94.07085    91.59176    90.26995    85.326515  84.48636    80.47089    76.64551    71.422455   65.72177    64.44557  62.29548    58.171497   50.744167   49.21812    53.37869    58.19525  59.47417    57.138756   52.93157    47.90117    46.36174    44.53175  46.514145   44.060524   43.131344   38.18801    37.606853   37.374874  36.009907   37.34754    39.246048   36.69246    31.310877   27.876722  27.853537   31.98453    31.589293   23.680048   18.951622   16.076315  16.075012   16.11144    18.780104   17.693733   13.426977   12.75561  14.352591   13.485899   12.883032   17.997688   16.587221   17.208067  13.595275   11.901829   15.40521    14.091813   12.560072   12.116774  13.8728285  19.059042   20.764687   26.443083   32.719353   32.794727  35.797215   33.10811    35.62141    37.881546   34.952084   36.224888  40.899452   46.793995   48.96266    49.281357   54.710617   57.953133  64.91638    73.62423    71.13963    69.96992    70.64276    71.045296  75.639626   80.53107    84.85294    87.07736    89.30363    95.49673 103.04728   114.25861   115.99302   119.72455   118.35722   123.71448 125.231026  126.717606  129.30148   132.48935   131.11996   137.37167  ,1321.82027,36.35684626,0.9975296969275262,weighted3,13,0.3980021232717048,0.6968128891921859
16,117.13736   110.5445    109.73598   105.33506    95.3664    100.356544  97.1766    101.9839     99.8107     92.946495   91.883965   91.44283  83.96353    76.93099    67.53971    62.243515   65.73736    62.28301  61.80822    55.285667   55.692284   54.49436    55.97774    53.505283  52.36928    49.474068   47.691708   41.98197    36.680145   35.161274  35.818      32.584427   30.51969    26.189913   27.40876    31.8751  33.444283   36.313126   28.142687   24.810429   25.088835   24.413109  24.738558   26.842236   24.21059    20.894125   21.190502   20.904457  21.142412   20.436617   24.41014    23.147469   19.064356   17.566757  16.11833    19.154732   18.308372   15.488722   13.954796   12.295958  15.831499   14.787654   18.472466   19.068121   13.865605   16.240364  16.907623   12.6988735  16.057383   22.466751   25.129827   26.55849  23.721395   26.04073    30.21615    28.976763   24.57943    28.841309  32.749695   38.53453    41.216137   52.705902   61.794785   65.7564  70.46328    69.11216    69.66762    70.64157    72.465836   74.620026  78.4407     84.18774    86.10741    87.65055    92.69473    96.50902 104.59378   110.68205   107.965004  104.727745  104.58377   103.03513 110.42281   112.2921    112.807785  109.46227   113.70623   119.7085 122.408806  133.58823   132.58084   133.89566   132.24347   136.88875 135.79634   136.98653   137.68164   140.73862   134.221     135.24776  ,1332.342474,36.50126675,0.993843363873744,weighted3,13,0.3805804552019523,0.6667596835554772
17, 80.08194    75.40442    77.69036    76.70119    67.300644   63.997932  61.318806   63.771614   61.380196   57.055145   56.926567   58.467667  51.940163   44.71867    37.51472    35.826702   36.415768   30.74581  30.277742   27.679459   31.921427   28.460453   27.243689   24.968525  26.579742   22.524633   25.828169   20.898838   18.469608   19.673641  16.85337    12.368259   11.6617565   7.035257    9.442943   11.525847  16.063517   19.004494   11.409142   12.943484   12.7575     11.0056305  13.776372   14.838471   13.8324995  12.90021    13.289659   12.369408  14.648548   16.481342   16.650478   15.967849   17.231009   15.802137  16.586567   22.750074   29.566807   29.260967   30.930443   29.658545  31.67029    35.545025   36.009968   35.767067   35.091503   35.584076  39.029083   39.278473   45.31862    55.774883   59.110752   60.551674  60.041946   58.8596     62.271194   63.62537    65.6833     70.45703  72.75702    77.7553     79.84765    88.498535   98.73574   105.89877 109.48198   109.6592    110.00622   108.427734  109.05325   113.55449 113.55701   117.15769   116.90882   117.64277   120.62116   124.106476 131.61826   133.52713   127.325806  125.044365  122.76623   121.20475 123.59101   124.212135  122.97555   118.717926  116.9703    121.83954 121.97178   130.63556   126.1099    124.78916   120.48145   126.002815 124.99014   119.79924   113.97137   112.82851   105.7546    106.53419  ,1286.999321,35.87477276,0.9765608546944712,weighted3,13,0.3946209092532186,0.7139070723370685
18, 54.47638    51.402958   56.680313   55.543823   47.114136   39.727467  36.94282    37.467083   33.62854    31.418533   32.709866   36.248344  30.091093   24.902405   19.47728    19.488533   17.836779   11.012524  10.005786    9.797372   14.420019   10.251299    7.6068635   5.5581455   6.1648836   3.1609094   8.203661    4.5493445   1.1213084   3.131814   0.4790466  -1.998001   -1.5629135  -5.411223   -1.8638942   0.7032732   5.326042    6.541742    1.1044936   5.1165133   5.5596085   4.3337364  10.0020895  14.101856   16.163363   18.88387    21.137733   21.126997  25.061386   29.435678   29.397118   29.964586   34.761604   34.665916  39.39517    50.928936   62.702576   66.43365    70.58815    71.96172  70.93247    75.54602    74.37657    78.46826    80.80505    80.14693  82.45551    86.88887    94.956184  104.18875   108.39446   108.239426 107.819244  104.43822   105.53728   105.4561    113.54001   117.18143 116.296814  116.36686   115.87846   118.69979   123.404236  131.0342 132.74094   130.78589   130.5538    128.94023   128.23486   130.73662 126.665344  127.05968   121.83929   120.61591   122.13967   124.85446 126.756516  123.89524   115.47203   115.939514  114.76581   113.3028 107.14935   106.74365   103.29015   100.96335    95.90391   101.33252 100.79393   104.99226    99.16403    96.644196   91.96399    94.92447  94.26329    87.80597    77.62466    73.40012    69.48271    72.19718  ,1485.465624,38.54173873,0.9435867689407584,weighted3,13,0.4301256131639728,0.6712087185937392
19, 48.616707   44.885212   49.094784   45.574696   37.30066    32.084522  29.50225    30.921486   28.201033   25.872969   27.826117   30.474491  24.530575   21.160482   16.569777   15.750056   16.312172   10.763015   9.343241    9.142602   12.023892    9.503531    8.184482    7.1273923   5.7607517   4.977708    9.431777    6.4822917   1.7755066   3.3819966   4.0409956   3.935466    5.325136    2.042538    5.261699    9.347334  12.626789   14.547141    9.512208   13.302627   14.6762     15.032  20.694933   28.292336   31.102612   35.16984    38.19974    39.010532  42.962383   47.37025    49.884193   50.94328    55.093994   55.93254  61.522594   73.815346   84.349434   90.26816    94.22573    97.05927  95.5851     97.76949    97.29282   104.219246  105.98213   105.66242 105.35171   109.27502   117.855316  124.00836   128.53944   126.875916 124.97559   122.79088   123.16381   120.69654   128.17654   131.40742 129.35822   126.56247   125.044525  126.7514    127.34143   133.31459 134.0814    130.29648   129.289     128.55061   128.48164   128.67477 123.74583   122.72034   115.20074   113.48629   115.02317   116.878845 114.82252   109.9358    102.20458   103.39466   103.71246   102.21  94.0417     92.18212    87.37638    85.79365    82.07002    87.32308  86.39201    87.99524    82.78345    79.97937    76.43311    76.83997  76.14291    71.950035   61.9758     57.799797   55.504913   58.3245   ,906.7028337,30.11150667,0.938767706139484,weighted3,13,0.447140836698474,0.8238956775354288
20, 28.244434   24.010923   27.167313   23.697105   16.32923    13.174847  12.641007   14.8322315  13.048719   11.046071   13.542162   15.223705  10.6145735   9.243166    5.729438    4.5587864   7.3213706   3.1404274   3.4482193   4.936996    8.203714    6.5170546   6.7367177   6.6462736   5.080849    6.0523005  10.742286    8.999305    4.795468    8.263775  12.085077   14.621754   17.47096    15.473137   18.827848   24.162394  27.247171   29.675127   24.571728   29.937332   31.882933   33.582066  40.16789    50.65044    54.356396   58.688595   61.486023   62.13659  65.89647    69.73947    74.44833    74.68301    78.667984   79.03004  84.169174   95.815605  105.36528   112.224655  115.02489   117.615204 115.56549   116.48076   115.186745  121.641525  122.82486   121.80805 119.41867   121.381226  129.69829   133.72752   137.50682   135.06287 131.01746   128.4126    128.58757   125.08444   129.82407   131.54697 127.89903   122.622475  120.85688   121.89419   121.18172   124.82807 124.3663    119.57003   118.495026  117.596146  116.76692   114.50524 109.22773   107.054726   99.295975   96.98366    99.42215    99.440994  95.800285   90.6474     83.4891     84.42603    84.46936    83.21978  75.26981    71.354866   66.19512    64.62938    61.665264   66.88871  64.674805   65.17541    61.305668   58.636875   55.455345   54.03076  53.747112   50.619347   40.932537   37.103584   35.324707   37.87864  ,584.5146363,24.1767375,0.9598817564894344,weighted3,13,0.4560788741131452,0.8668058884777512
21, 16.628336   11.422435   12.080417    9.047986    4.3421216   5.642166   7.6346655  12.680576   14.48881    13.370225   16.347527   15.301603  13.750595   15.180038   12.313102   11.548577   19.354305   18.469753  20.015776   21.927404   25.938528   26.0891     29.785234   30.337357  27.799013   31.179773   36.07997    34.396465   32.062843   37.79984  45.294937   49.621983   53.50378    50.95753    52.896374   59.393894  61.146793   65.16166    57.270668   63.279537   63.65482    66.67238  71.4339     83.72862    85.32476    88.471886   87.10163    86.74826  89.58556    90.58229    96.98727    94.77771    95.87607    94.17353  96.534     103.96942   110.979355  115.458534  115.889626  116.7149 114.82182   114.5363    113.16678   116.28834   115.00504   111.99642 108.3623    105.842926  114.18597   116.14781   117.81121   116.08134 109.9761    107.68357   107.118286  103.37761   103.28702   102.78967  98.73876    93.26783    92.174225   95.63263    94.383415   95.583305  95.08224    91.133      90.84928    88.28293    87.96551    84.83843  80.947845   77.95411    73.343445   72.07477    75.501205   72.62275  69.911545   67.038315   62.492302   62.233524   61.57612    62.61115  58.065033   50.832237   46.23074    43.88008    44.123314   48.556915  46.120293   46.829933   44.591156   42.24438    39.873657   37.556286  37.966      35.096447   27.68254    25.987045   23.504654   24.187147 ,339.3518667,18.42150555,0.97308733613197,weighted3,13,0.4580548224922779,0.8838766487428193
22,  4.6388927   -0.14740308   0.269765    -0.75817156  -1.9691527   1.6507592    5.8984966   12.205546    15.715598    16.136026  19.607977    17.693428    19.30704     23.453123    21.082512  21.752527    31.696833    33.07035     36.330807    39.475468  44.40027     45.21179     50.778194    51.106297    48.581764  53.04375     58.62652     57.04973     56.399746    64.235054  73.40757     79.043076    83.0307      80.11354     81.20908  88.346245    89.11088     93.30435     83.65752     90.20531  88.71689     92.06706     95.88304    108.35239    108.76265 110.93356    105.88979    104.45747    106.56561    105.81327 112.48605    108.21737    107.117096   103.33441    103.63743 108.560196   114.87268    116.749756   115.39129    115.027245 112.35171    112.07892    110.11678    109.93191    107.335594 101.976715    98.15612     93.11843    101.6002     102.46001 101.92269    101.09824     93.77091     90.629166    88.95186  85.470024    83.20504     79.90511     75.229614    69.63846  68.933395    73.043884    70.87537     70.25663     69.361305  66.21863     66.878944    62.5244      61.579453    58.224968  55.240818    51.3862      49.134537    48.307594    52.012276  46.451256    44.516594    43.66622     40.82048     40.15038  38.924423    42.2355      38.868324    29.216637    25.605438  23.272148    24.830276    28.495342    26.633167    27.264349  26.191458    24.19859     22.277943    19.763453    21.105349  17.254398    11.156726    10.620687     8.356714     8.094518  ,280.1220205,16.73684619,0.9867740140043686,weighted3,13,0.4698274723233183,0.8958823234269941
23, 16.336472   11.560683   11.646826   12.433624   13.743425   20.348309  25.31854    32.84724    36.97969    37.09037    40.52434    38.53674  41.508255   47.267803   43.966995   44.490616   55.106598   58.176132  62.453514   64.75566    67.18502    68.130554   74.71607    73.90702  71.92735    74.8582     79.90204    77.69255    76.37654    82.37899  92.26468    98.09315   101.29203    96.725746   96.34274   103.927765 103.13736   107.28562    95.96117    99.474884   97.16427    99.42369 101.81825   113.01856   111.95009   112.18574   106.41086   104.11385 105.20918   103.40293   110.096855  106.04724   101.30352    96.49833  94.419174   98.6773    102.821335  102.30093    99.72183   100.61457  98.54324    97.16912    96.74682    95.27113    90.975845   86.027824  82.39538    75.57119    84.72442    84.75421    83.56463    83.301094  76.116905   74.453835   71.81381    68.39213    65.14369    60.408287  57.336884   52.760128   52.778065   58.166214   54.27396    52.61833  51.607845   48.30277    48.97886    43.661983   43.23597    41.000763  39.869503   36.545246   35.374943   34.467464   36.93859    30.589714  28.99799    29.4831     28.113787   27.788681   27.900837   31.857021  29.106165   18.572527   15.931783   13.612463   16.727917   19.61674  19.340572   19.963263   19.675507   18.265247   18.31187    16.574165  17.689713   14.182849   10.6926155  11.932551   10.268942    9.044832 ,246.8082337,15.71013156,0.9959241326791582,weighted3,13,0.4831929554980062,0.9088624447113812
24, 72.66132   69.62144   72.38792   78.78815   83.938545  92.355705  97.03102  103.57781  104.169136 101.592964 104.03646  106.59614 109.80898  116.711815 110.91852  109.75942  114.16882  118.15561 125.34227  125.11919  122.11148  121.246086 125.93912  121.84433 124.25131  119.42896  122.40371  119.389336 116.01485  114.68266 122.52947  124.49437  122.693924 116.450836 116.33341  123.10521 122.368065 124.99528  113.73272  108.90752  107.19847  104.93791 106.90202  110.565704 107.76033  101.20112   99.986145  95.9807  94.12885   94.154915  98.47393   97.71004   86.91685   80.360085  74.63895   79.98872   79.06522   72.40872   65.92238   69.967415  70.49901   68.012634  71.12248   66.97763   61.58067   60.0014  58.548145  52.026146  59.525185  59.925198  57.256474  55.117428  49.701134  50.493465  48.439354  47.032104  43.820107  37.705353  39.07703   37.91841   40.15366   45.888123  40.903137  35.440052  32.490902  27.203426  27.361038  21.94293   20.887094  22.979872  26.194538  26.26487   25.589626  22.793282  21.479237  17.273184  15.963359  17.223898  16.497765  18.04126   21.238752  23.285597  22.505928  14.227     15.040491  14.789122  17.480034  18.019764  21.347872  22.189833  23.900608  24.177692  28.718533  30.99094  31.352242  29.13726   31.416904  35.948982  37.024673  37.092865,449.0752406,21.19139544,0.9987656455135044,weighted3,13,0.4792786932868627,0.9036216611523793
25, 80.59842   78.21737   82.51177   90.21079   92.39259  101.16699 105.10724  108.32807  103.14038   98.0843    98.60572  103.42736 103.60037  106.18106   97.875374  94.947296  94.23188   94.94276 105.02775  105.81208  100.76475   97.62034   98.85045   93.48206  99.44171   91.15618   92.013306  89.229675  83.51918   81.13722  85.10851   87.728226  84.29782   80.76746   81.38425   87.80229  87.56683   87.91699   80.08849   73.1186    73.31679   69.41671  72.92866   72.88637   73.5503    66.36614   68.588356  65.09478  62.747116  63.67374   68.33729   68.35772   57.534016  52.473732  46.177425  53.00937   50.88501   45.248283  39.264492  43.60869  44.507595  41.862377  45.205936  40.87307   35.304024  36.694637  36.21652   30.322643  35.367435  38.081615  37.01357   36.62744  31.608654  32.70891   33.62143   31.990211  27.85969   22.819529  25.864414  27.388128  30.777187  36.599583  36.287323  32.55305  30.416998  25.108381  24.857841  22.363533  18.882463  20.467432  25.768738  29.472273  28.397274  24.844776  25.271114  23.025517  25.137177  30.003633  28.204376  28.249361  31.256096  30.305422  31.102303  27.731066  30.707258  30.002174  31.100016  33.00579  37.519703  42.3377    44.741318  46.856308  50.140026  54.621643  54.534653  54.20333   57.742107  61.560658  61.76854   62.56278 ,552.8247828,23.51222624,0.998962130138728,weighted3,13,0.4600053598254134,0.8745980058352023
26, 89.7939    90.47293   99.458336 104.13337  102.95158  105.25073 105.50946  103.59523   93.3423    90.36051   89.66439   97.04938  94.79722   91.98204   83.06786   82.95      75.971245  71.80257  79.401344  80.650116  81.393036  77.22464   73.94196   68.24901  72.5946    66.73522   66.38347   62.959263  58.3932    59.968376  56.73404   56.6595    49.730057  50.00013   53.67771   58.33852  59.552692  56.59042   53.79135   50.165554  48.45988   45.396343  49.261604  45.130074  48.06877   44.08307   42.976154  41.57862  40.18924   42.444386  44.115932  41.22408   35.346962  31.416344  29.735449  35.714493  38.32231   32.14577   27.923107  26.92878  24.82225   26.341507  26.954412  22.721924  19.708502  17.944681  20.372004  19.882032  20.916931  27.331972  25.455439  27.45829  23.532103  20.027237  23.244017  22.019287  22.113749  18.52259  19.341164  23.848904  26.127666  29.534397  34.831276  35.038193  35.730743  33.581898  35.46376   36.11399   29.763779  31.049019  35.225395  40.186172  40.32714   38.973167  43.40067   43.22493  49.410057  58.047634  54.722538  53.35137   53.38508   53.73226  54.374256  57.365364  62.237907  63.64044   61.851677  65.835075  72.86773   81.88725   83.13545   86.11277   83.75666   89.68013  91.75818   89.829575  90.2605    90.67114   90.28093   94.871826,610.6447361,24.71122692,0.99040007842028,weighted3,13,0.4440247438314417,0.8182091706033345
27,131.66812   123.24942   120.20907   114.32989   103.36907   111.642395 108.44234   115.22458   113.669876  105.57614   104.3567    102.36122  93.92534    87.07964    76.698906   69.063324   74.65826    72.00494  70.88802    61.77783    61.271122   60.4461     63.904808   61.40452  58.481052   55.748646   51.736454   45.588505   38.86173    36.025257  38.84911    35.844513   34.581818   29.40715    30.207891   35.854362  36.711464   39.167336   29.636904   25.050676   25.896818   25.587204  25.839945   30.070864   26.171474   21.65328    22.877836   22.594421  22.545036   20.490602   26.034897   24.850555   19.733997   17.97444  15.891202   18.518105   14.870652   11.243367    8.886542    7.238207  11.635195    8.581265   13.31217    14.994795    8.015249   11.45838  10.535925    3.9559772   6.7650867  11.2836485  14.229878   15.455087  11.664881   15.132365   18.840511   17.031158    9.673511   13.929997  18.305422   23.220081   25.806631   38.340977   47.14413    49.96496  55.31227    52.64937    53.47921    54.898624   57.685165   58.31495  63.13469    69.427475   72.688614   74.10218    79.846      84.22505  92.83001   100.19398    98.35708    95.21129    95.85639    94.08683 103.501854  105.3747    106.04091   102.75371   109.87309   117.82075 120.66816   133.39093   133.92506   136.53592   136.43092   140.28424 138.71059   142.71097   145.85211   151.34312   144.56189   145.91246  ,705.1236062,26.55416363,0.9773499885097688,weighted3,13,0.4545804655464643,0.8365505787874867
28, 74.82677    69.160164   69.94233    68.525635   58.98118    59.037445  57.342335   60.7756     58.54285    53.605366   53.333298   53.61871  47.164284   40.374554   32.61758    29.752705   32.22648    27.306757  27.953394   25.399141   28.469406   25.406588   25.498926   23.330145  24.521011   21.077963   23.248672   18.529367   15.14044    16.665186  15.711422   13.440013   13.686703    9.420436   11.037385   14.369289  17.768618   20.526703   12.4685135  13.506231   13.725037   12.548441  15.3037195  18.135588   17.520746   16.486313   16.779442   15.86527  17.86085    18.366287   20.597862   19.389248   19.352354   17.928331  17.653046   23.301073   28.20858    28.30044    29.488031   28.410135  30.41399    32.5492     33.362267   33.289837   31.016891   32.00855  33.930035   31.797445   37.65024    46.578876   50.12057    52.214287  50.361835   49.95092    53.24516    53.435757   52.71003    56.70693  58.978092   63.210835   65.38611    74.741516   84.596535   91.05132  94.85604    94.40204    94.73752    93.58589    94.100235   96.71781  97.585175  101.43964   101.73839   102.31618   106.34937   108.97536 116.797585  120.37131   115.12755   112.26381   110.3535    108.73011 112.09269   112.23563   111.236206  106.5372    106.62472   112.451645 112.618996  122.1648    118.87914   118.462006  114.7574    119.40365 118.27535   114.995445  110.72985   110.650215  103.3633    103.55339  ,995.0009703,31.54363597,0.9357656903716433,weighted3,13,0.4853996037036128,0.8260899473407132
29, 85.16879    80.07007    81.95597    79.156525   68.8203     65.055214  61.25363    63.97338    62.2142     57.508156   57.623135   58.96735  51.546253   44.23397    37.301266   35.148872   36.21282    30.457056  28.372902   24.853907   27.954052   25.094164   23.85181    22.01236  22.512836   18.929668   22.178812   17.139572   13.772434   13.593148  11.293168    6.6214366   6.202001    1.0705346   3.3013816   5.460682   9.686905   13.283409    5.8933907   6.9003415   7.3653526   5.968696   8.457041   10.6262      9.607927    9.652656   11.256186   10.996348  13.671971   16.157728   16.675243   17.168928   18.82765    18.523966  20.44871    27.814249   34.80838    36.123924   38.7039     38.730408  41.051163   44.233612   45.500553   47.769337   47.48279    48.85007  51.737125   53.06673    59.96167    69.845985   74.2083     74.69724  74.63119    74.55712    77.68255    78.239365   81.77579    87.71655  90.11266    94.35139    95.85638   104.16478   112.5767    120.21761 123.73102   123.20582   122.822464  121.766335  123.585434  128.13678 127.263954  130.34953   128.26079   128.91315   131.11311   135.33757 140.75496   140.46838   133.9733    132.39363   131.12006   129.02849 129.75967   130.30965   127.820145  123.729454  122.0512    126.693825 126.555275  133.68254   128.36876   126.34093   122.48185   127.2339 125.72666   121.137215  114.59866   112.981445  106.421364  107.25577  ,544.4669438,23.33381546,0.9184877671066016,weighted3,13,0.5043065829795749,0.9282370935188834
30, 50.367847    48.216278    54.752663    52.96155     44.923378  36.35204     33.114483    32.58794     28.19547     26.552998  28.170837    32.656273    26.658678    21.969385    17.235655  17.991528    15.301826     8.235963     6.9754434    7.6446447  11.912893     8.127134     4.6350365    2.8295255    3.1073647   0.8667416    6.318043     3.1134975   -0.60484725   1.4431732  -1.3041563   -3.2412019   -3.291806    -6.3182297   -2.3306687   0.30457178   4.7085357    5.8487015    1.8215572    6.055081   6.681148     5.8700795   11.794686    16.114697    19.321636  23.325844    25.904806    26.507378    30.618273    36.09472  36.152138    37.118298    42.4113      43.04803     49.10487  61.75445     74.55555     79.55901     84.112595    86.22029  84.31999     88.89849     87.59967     93.07827     96.308876  95.32139     97.317856   103.488556   111.72425    120.45651 124.67889    123.72506    123.28917    119.660545   120.61618 119.64393    129.7123     133.23021    131.4657     130.56413 129.38261    130.49936    133.1759     140.64221    141.63931 139.21342    138.58409    137.56688    136.48132    138.62526 133.5357     133.10529    125.85694    124.34999    125.50485 128.02324    127.594      123.07952    114.30955    115.43057 114.80455    113.361275   104.71001    104.35785    100.34947  98.946976    92.83013     97.52479     97.21071     99.50785  93.23155     90.1372      85.21208     87.427414    87.075035  80.50864     69.18223     63.67808     61.120327    64.46987   ,488.1394471,22.09387805,0.944060245317478,weighted3,13,0.4915711551509065,0.9341070672810526
31, 2.19784985e+01  1.86834812e+01  2.31923943e+01  1.99059353e+01  1.25076370e+01  8.40635872e+00  8.24061394e+00  8.81694412e+00  5.25868607e+00  3.40252709e+00  5.86545801e+00  8.88130569e+00  4.25953007e+00  2.93327236e+00  5.52883558e-03 -1.06486857e+00 -2.28396118e-01 -5.01988983e+00 -3.44777060e+00 -4.60577071e-01  3.67147207e+00  1.83735466e+00  1.00399709e+00  1.23774278e+00  3.53209257e-01  1.71513605e+00  6.26592255e+00  5.53031969e+00  1.57266319e+00  6.07608652e+00  9.82975578e+00  1.29495592e+01  1.51664982e+01  1.54112167e+01  2.02604942e+01  2.57310581e+01  2.96510296e+01  3.14265842e+01  2.84422436e+01  3.48199539e+01  3.74917297e+01  3.96384201e+01  4.76547775e+01  5.79924202e+01  6.34855118e+01  6.80547485e+01  7.18117065e+01  7.28053741e+01  7.63477402e+01  8.13292542e+01  8.64635010e+01  8.64856262e+01  9.14831543e+01  9.19601212e+01  9.80103760e+01  1.10024467e+02  1.19742432e+02  1.27153328e+02  1.29161423e+02  1.31139938e+02  1.28304535e+02  1.29326004e+02  1.27080421e+02  1.33367081e+02  1.35369812e+02  1.33985214e+02  1.31103699e+02  1.34005386e+02  1.40744614e+02  1.44428024e+02  1.47524002e+02  1.44096130e+02  1.39134735e+02  1.35284912e+02  1.36388870e+02  1.32506287e+02  1.37042206e+02  1.38211029e+02  1.33265427e+02  1.27005806e+02  1.25002487e+02  1.24178322e+02  1.23689529e+02  1.25931694e+02  1.24422523e+02  1.18946999e+02  1.17901718e+02  1.18035316e+02  1.15509903e+02  1.11986328e+02  1.06305267e+02  1.04047379e+02  9.53535767e+01  9.24110413e+01  9.56954956e+01  9.56097641e+01  9.09761200e+01  8.55246582e+01  7.78186493e+01  7.87458038e+01  7.83440704e+01  7.65920944e+01  6.83008499e+01  6.51246872e+01  6.04030457e+01  5.98919830e+01  5.56591377e+01  6.07386818e+01  5.82816467e+01  5.83579941e+01  5.52416954e+01  5.28386116e+01  4.90270729e+01  4.71458664e+01  4.75060501e+01  4.49144745e+01  3.48089676e+01  3.01969032e+01  2.94122715e+01  3.33109474e+01,485.4350949,22.03259165,0.9682970352256212,weighted3,13,0.4921551601866601,0.9276079595672091
32,  8.461013     3.2597976    3.4785595    0.25205398  -3.5884607  -1.3899647    1.8978173    7.2935057    9.914446     9.206591  12.52933     11.1033945   10.775585    13.6642885   11.938253  11.168105    20.158602    20.466507    23.019718    25.88027  31.346018    32.498203    37.232353    38.722042    35.88343  40.989048    45.951584    45.174694    44.167423    51.60203  61.265484    66.32385     70.36396     69.26151     72.07479  79.136246    81.39549     86.07772     78.44768     85.916306  86.41078     90.65734     95.82836    109.358826   111.015724 113.67488    111.570564   111.077034   113.371796   114.206055 121.73744    118.45431    119.50444    116.92662    119.078384 124.75394    130.5919     134.49919    133.00916    132.37042 130.2576     129.45909    127.29906    129.02977    127.49915 123.33781    118.51773    114.80672    121.803925   122.32638 122.41547    119.46521    111.6192     108.52715    108.440994 104.4438     101.820045   100.26786     94.825096    88.08565  87.01937     90.09575     88.71899     87.21452     85.64099  81.28176     81.30967     78.766525    77.72526     73.22045  69.31777     65.633705    61.604546    60.30284     64.72816  60.750465    57.13733     54.18089     50.254196    49.60757  48.20503     49.74904     46.81685     38.37109     34.00217  32.228714    33.00823     36.854565    33.581913    33.62584  32.714188    30.479311    28.14307     24.781237    25.95276  23.767761    16.89554     15.698687    13.683094    14.7825775 ,558.6124929,23.63498451,0.9786784244945316,weighted3,13,0.4968152574559258,0.9242923077394358
33, -1.6180183   -5.7022486   -4.5461006   -3.8820636   -3.7963908   0.42441666   5.545221    11.292698    14.078148    14.710284  18.07654     16.777905    19.305456    23.935787    21.399353  22.637182    31.841839    33.422       38.360027    42.82582  47.152065    47.612698    52.783913    52.629616    51.4594  55.206627    61.12437     59.79288     59.263123    67.488266  76.29242     82.819756    86.385376    83.88227     84.69233  91.88748     92.29921     96.1601      86.772316    92.8561  91.09415     93.95424     97.80732    109.192924   110.25819 112.0732     106.57018    104.75273    106.46974    105.62365 112.28663    107.737144   105.586205   101.428795   100.759895 105.57324    111.78178    113.20482    111.438515   111.35593 108.31347    108.13153    106.02404    104.54005    101.70331  96.139854    92.63348     87.213745    95.682724    96.744446  95.77138     95.55529     88.06796     84.74111     83.12759  79.65538     77.1607      72.80905     68.30869     63.168514  62.870308    66.864784    64.6409      63.739876    62.453545  59.55251     60.21654     55.60059     53.742672    50.54322  48.175457    44.560966    42.41621     41.339523    44.94976  38.5297      36.96994     37.0447      34.46506     33.5661  32.33575     35.783512    32.228996    22.42792     19.529507  17.128584    18.221325    21.29362     19.937012    20.587814  19.813019    18.033628    16.123672    14.0913      15.656036  11.347802     5.6599503    4.9663963    2.98797      2.3178823 ,862.4816181,29.36803735,0.9865356723512334,weighted3,13,0.5044359966209538,0.918844540158739
34, 10.175455    8.448936   12.612009   17.901669   21.60302    26.993181  32.781166   36.583004   36.26658    36.4856     39.23826    41.129818  45.069458   50.540432   46.559414   48.66726    53.520134   55.31051  63.732727   69.59221    70.1925     69.33198    72.394394   69.90075  72.50463    72.1214     77.86568    76.41045    74.75417    80.55585  86.98287    93.7067     94.20918    91.717865   91.85131    98.709785  97.968704  100.38289    92.01435    93.66292    91.39801    91.56747  94.924965  101.06385   103.039925  102.55831    97.73599    95.000885  95.14101    95.0948    100.53713    96.9562     90.67353    85.83402  82.67       88.40427    93.31894    92.21385    89.115585   91.26742  88.13347    87.852875   87.08043    83.26645    79.85334    75.23773  73.45875    68.538765   76.80633    78.67084    76.8354     77.42926  70.89671    68.36066    66.89237    63.753677   62.521706   56.068283  53.67571    50.972424   51.92997    55.482426   52.037846   50.297146  47.948254   44.97715    45.293793   40.540157   36.936943   35.952675  36.040882   34.097523   31.513002   29.466469   31.243467   24.2893  23.124506   24.95826    22.976942   22.581646   22.938599   26.013044  21.413412   12.796938   12.284239   10.728576   10.4479265  11.485649  13.076903   13.527755   13.372367   12.395145   11.875626   12.289699  13.954165    9.058435    5.708447    5.2341976   5.112919    4.247705 ,1422.238639,37.71257932,0.9936618182198728,weighted3,13,0.5006203126103081,0.8169363807129477
35, 95.58621  101.17205  116.3864   132.12077  143.08064  142.54628 146.54514  143.47281  132.9978   132.31122  133.70175  147.72229 152.61586  158.99661  152.53188  156.09842  143.21027  143.23584 155.99272  160.49016  158.54684  153.02008  148.5898   140.28815 150.52835  138.28265  142.23567  140.22641  137.98332  135.57681 133.25084  130.74341  119.88392  117.91844  122.6706   126.19368 128.51266  125.33176  121.5662   113.9731   111.03473  103.72188 108.930534  98.973434 100.45279   90.6488    91.662766  86.79393  82.85716   89.179146  86.472336  86.62351   75.7408    67.42413  62.775425  71.52297   74.47545   62.06824   52.890213  56.752407  54.294907  57.295868  58.487225  48.9679    48.25915   44.883545  49.484886  51.61222   54.46406   59.72157   52.984505  49.877  47.16036   42.44094   42.534042  44.45692   49.48022   39.733  41.02167   43.75833   46.9429    45.42282   41.97037   34.444065  28.13859   23.236595  24.457962  20.10892   11.482209  18.102642  22.561848  25.068218  22.660236  17.495085  14.003365  11.115335  10.41094   12.852081   9.321146  12.949347  15.833437  17.272457  12.459333  10.483882  16.888424  22.112041  15.552401  12.674143  21.236065  21.708578  23.864212  25.32247   28.337078  36.210827  39.079884  32.32251   34.006382  35.22221   41.598045  47.29361 ,642.6661588,25.35086111,0.9944260720824818,weighted3,13,0.4897807473332257,0.8789885601244801
36, 80.960495   78.677895   83.40092    93.238945   95.11839   105.550415 110.333015  112.43683   104.422195   97.744644   97.49295   103.5432 102.906456  104.68127    95.09959    90.70107    87.775604   87.713066 100.73329   102.46773    95.20185    90.69367    90.813774   84.56236  93.2083     82.205795   82.04196    79.77532    72.51783    68.9891  72.36162    76.25866    72.46696    70.04254    70.723465   77.49486  77.2986     76.46366    69.78837    60.982704   62.63167    57.49079  62.344      60.96293    63.4831     54.986713   59.957554   56.141403  53.15697    54.431053   59.93622    60.84311    48.871872   44.061543  36.37378    44.45723    40.663597   35.323765   28.828829   34.43648  35.766426   32.18628    35.92407    31.045473   24.885794   28.324482  27.666718   20.934923   25.107418   28.081179   27.654142   27.671398  22.318438   24.007267   25.960314   24.147976   18.462524   12.940805  17.039133   19.01134    23.231043   28.912075   29.799597   25.560362  22.89189    16.57948    15.839682   14.272131    9.308323   10.264975  17.05481    22.469862   20.986002   16.162918   16.807035   14.9009495  17.986227   24.41309    22.293081   21.982164   25.495893   22.683853  24.140781   22.174511   26.364145   25.380955   25.936417   28.328081  33.17601    39.362675   42.888332   46.18987    50.080605   55.45335  54.89582    56.010098   61.134033   65.37647    65.706985   66.533424 ,1595.27354,39.94087555,0.986507770275638,weighted3,13,0.4731156247976072,0.8582354419206493
37,198.70007   195.13123   199.42989   190.55116   181.85669   184.79695 176.79291   179.44798   172.84215   167.51389   166.27217   169.89728 161.13033   154.49864   143.86378   138.70168   135.53008   131.31422 125.89964   112.62091   116.16566   115.77563   116.09218   111.82272 103.95653   102.923904   94.99958    87.695404   80.96344    76.86715  75.24274    65.79023    56.62836    53.52095    59.10289    64.00165  65.350716   62.802578   57.94868    51.755463   49.616676   49.475765  49.400726   48.400597   43.131145   37.649647   36.776783   38.266857  36.97094    37.941856   39.268833   36.64842    32.45492    29.398314  32.685524   34.97365    32.286736   21.6272     16.11816    10.463554  11.698927   10.718645   15.27992    18.23405    13.302443   12.488618  13.391454   13.796336   10.701486   13.997731   12.176689   10.752482   7.5518074   6.666203   10.01484     8.464104    6.948349    9.447065  11.183569   16.63816    16.92343    23.454088   29.599094   29.094063  34.550858   31.186972   34.97104    39.3444     39.70274    40.837925  45.381886   51.663525   55.83098    58.185497   64.805016   71.94343  78.8092     87.25307    85.62059    85.42986    86.90306    88.345894  95.95291   103.54119   107.47645   112.21848   118.43082   127.14031 136.28075   149.31502   151.61754   156.24277   155.62553   160.02493 161.68175   166.6591    171.116     176.95654   175.7887    185.43202  ,882.0358223,29.6990879,0.9794885680470322,weighted3,13,0.476292153373835,0.887527087584044
38,122.52686  117.88173  119.60526  115.28232  106.04778  107.61648 103.24866  106.17194  103.15644   97.5215    96.48794   97.850464  90.792435  83.295105  74.5497    71.308014  72.11477   67.84564  66.49253   60.577152  62.5332    61.369118  60.991478  58.36434  57.412334  54.83319   53.953083  48.11255   44.064518  43.094566  41.27453   36.11471   31.985338  28.34835   30.635551  33.8892  36.17126   38.89854   32.254112  29.468344  28.700294  27.848764  27.69017   27.108168  24.596169  21.848238  20.855888  20.913792  21.125156  21.801853  23.69835   22.11149   18.921762  17.408129  17.315796  20.047894  21.199493  17.490353  15.993621  13.300141  16.062979  16.938303  20.046688  19.978691  16.344217  17.271576  19.64568   18.338253  21.014986  28.849127  30.506851  31.612099  29.800213  30.810497  35.476723  34.90831   33.541336  38.02856  41.449844  48.513863  51.01173   61.34537   70.69282   75.130264  79.700676  79.521225  80.40734   81.56616   82.76277   86.579994  89.75568   95.281456  96.73691   98.917145 103.6169   107.82703 115.599525 120.93965  117.73266  114.74975  114.04354  113.2499 119.57466  122.544754 123.455765 121.267654 123.53982  128.10555 131.743    142.07748  140.05156  140.63004  137.68741  143.22046 142.9581   142.2141   141.44052  142.93274  137.18317  139.24924 ,392.8330249,19.82001576,0.9660822972343988,weighted3,13,0.4888235566884198,0.8973846185941337
39,100.70483    93.529175   91.980675   86.23812    74.353645   74.05482  69.36552    74.44419    75.6434     69.000145   68.81456    67.73704  59.41026    51.587822   44.32182    40.273003   45.225933   41.032814  37.35651    31.537928   31.871622   31.146095   31.665804   30.807991  30.094067   27.435045   29.740461   24.04234    19.868835   17.438154  17.408129   12.622415   12.627501    6.332872    6.913397    9.46701  12.467254   18.996355   10.141176    8.795895    9.994392    9.406343   9.220165   12.388635    9.543536    9.093402   10.912265   11.067802  13.1629925  14.496861   16.878275   18.199287   17.340288   17.98803  18.547495   23.842272   27.207195   29.154419   31.304453   32.06948  36.829567   37.54374    41.28776    44.67419    42.432865   45.876133  47.722702   46.909035   54.333523   63.132694   68.51204    68.48984  68.32053    72.03329    76.018486   75.48264    76.327194   84.371025  88.7637     94.3304     96.61171   108.53784   116.562935  124.04917 128.30943   127.87925   126.401764  126.020775  130.8059    136.04742 136.48602   140.33812   138.2339    140.02145   142.02025   146.88293 151.74666   150.88138   145.98749   143.48453   143.31065   140.50757 144.09541   143.95961   140.54532   135.06982   136.34431   139.74832 139.21529   145.96716   140.50626   137.91757   135.34937   139.7763 137.24821   134.84561   130.26471   129.99312   122.28501   121.08804  ,613.8232027,24.77545565,0.947120393663064,weighted3,13,0.5015262267604325,0.8691100587596533
40, 66.66572     61.701138    64.171616    58.996105    49.029297  44.409798    40.314415    42.889137    41.653286    37.85038  39.42184     41.04711     33.681488    28.942192    23.748354  21.76799     23.63768     18.218554    14.8746      12.414926  13.572211    11.71875     10.697034     9.862509     8.062356   6.667579    10.716223     6.840082     1.4641347    0.6355392   1.161662    -0.5459252    0.76874965  -4.064992    -1.8074768   1.7541041    4.7886224    8.387965     2.3243399    4.200337   6.0320992    6.095522    10.037177    17.079206    18.314898  21.910627    25.793997    26.843359    30.726402    34.92743  37.34421     39.651623    42.87475     44.57951     49.68197  61.440826    70.54956     76.73695     81.24266     84.86232  85.372375    86.85293     88.17474     96.183586    97.346695  98.89172     99.00617    102.72894    112.02662    118.78753 124.587494   122.739685   122.00667    122.30925    123.27505 120.93291    128.30861    133.8623     133.84659    132.83435 131.9077     136.09015    137.27782    144.43231    146.12088 142.7342     140.95874    140.50308    142.76329    144.71817 140.46227    140.37524    132.75784    131.81656    132.51822 135.8998     134.1778     128.45854    121.03908    121.932274 122.97292    120.59149    113.929985   112.4916     106.99306 104.34038    101.73078    106.32661    105.26696    107.02562 100.850105    97.44527     94.557724    95.67602     93.93986  90.34045     81.03615     77.4314      73.99692     75.66177   ,630.2586335,25.10495237,0.9468634788839614,weighted3,13,0.4730993855733975,0.862220907796357
41, 51.09796    46.58766    49.64634    44.282104   35.47058    31.156298  28.343075   30.55266    29.024683   25.993986   28.312555   30.389526  24.08747    21.550856   17.696854   15.802153   17.83516    13.13832  10.981685   10.179481   11.901097   10.617679   10.101535   10.010626   7.623431    7.881268   12.061882    9.561305    4.271147    4.80738   7.74425     8.092696   10.001242    6.9028845  10.215823   14.886498  18.001085   21.197552   16.326118   19.753565   22.268515   23.555403  29.137741   38.70739    41.49589    45.841343   50.36452    51.67493  55.521965   60.413437   64.369736   66.39023    70.32149    71.87099  78.01059    90.57681    99.75798   107.09196   110.635605  114.44374 113.61527   114.205315  114.52773   123.30632   124.94268   125.52314 123.66499   127.44957   136.17912   140.63242   145.52342   142.00142 139.43018   138.56708   139.04578   135.47815   142.3123    146.20926 143.88882   139.58202   137.70256   139.2289    137.74345   142.30226 142.22887   137.13065   135.29536   135.18884   136.13301   135.53865 130.09407   128.41542   119.23885   117.21526   118.35955   120.423515 115.57167   108.35257   100.83448   102.491196  103.74569   101.56883  93.04463    90.29716    84.34774    83.0602     80.08092    84.68135  82.88372    82.51722    77.5134     74.164406   71.61719    70.64618  69.61106    67.00016    57.215218   53.249523   51.721584   54.56498  ,1395.884581,37.36153879,0.9644799073126262,weighted3,13,0.4772531385457069,0.6863385678833555
42, 14.7834635    9.722231    10.810325     6.510888     0.19990918   0.4722112    2.2286248    5.8587437    6.2136035    4.083801   7.016703     7.1158094    4.3214216    5.3254414    3.3610835   1.3802447    7.636041     6.003217     8.140127    10.903884  14.900184    15.380096    17.99565     19.62858     17.590088  21.403616    25.899168    25.546343    22.82538     28.341791  36.73588     41.398544    45.072124    45.05154     48.85329  55.537327    58.64527     63.004948    57.734795    64.46646  67.03868     70.89083     77.42011     90.59156     94.25622  97.749344    99.619804   100.079636   102.77516    105.710754 113.37229    112.205475   114.868515   114.23306    118.12772 126.586296   132.86397    139.48944    139.22096    140.24411 138.54813    137.42816    135.72879    140.34415    140.16112 138.27226    133.32011    132.08437    138.7679     139.90631 141.7793     137.57915    130.47508    128.08691    129.16956 124.56995    123.944435   124.31894    119.18732    112.05798 110.663795   112.33765    111.004166   110.34105    108.31858 102.7105     101.602905   100.90653     99.70791     95.047905  90.35044     87.35114     80.31979     78.066284    82.06046  80.09553     74.812355    69.65129     64.116646    64.02336  63.427216    62.58897     57.85544     51.48249     46.383312  44.95579     43.947773    47.95326     44.20679     43.535347  41.897423    39.36027     36.834103    33.480286    33.941235  32.848957    24.858364    22.293867    20.855917    22.972944  ,1301.450198,36.07561778,0.9777827308884744,weighted3,13,0.4845139352142218,0.6877911922505209
43, 48.49602   41.96942   39.642387  35.52311   35.00068   41.541515  44.074078  54.09368   61.739666  61.208694  65.05897   61.221317  62.886673  68.71309   66.11847   65.21656   78.87159   83.1903  82.55796   80.20177   83.441765  86.757774  95.37463   95.9539  89.72428   95.0714    98.85742   95.66477   94.58909   98.45314 110.55192  112.977615 115.97229  109.736664 109.80539  117.306335 116.83771  123.12071  110.34452  113.41285  111.15792  114.93723 115.41925  128.58995  123.954865 123.70548  117.99828  116.5133 117.58783  115.70982  122.4907   119.06075  114.667656 110.09277 109.56862  112.034615 114.212425 112.74159  109.33736  109.18656 108.933716 106.45411  107.64165  108.57553  103.956154  99.237144  94.69752   88.104546  96.785385  95.1982    93.79823   90.92071  83.91737   83.913445  81.17244   77.6732    73.89521   71.595726  68.73001   63.819607  63.23065   70.07871   65.008224  62.10846  61.735043  57.880806  58.557262  53.714405  56.663124  55.107624  53.434998  49.501472  48.77968   49.18967   51.306026  46.96216  43.52505   41.36851   40.750782  41.11392   41.88985   46.28165  45.711906  34.782413  30.689955  29.194996  34.980114  37.70115  36.928646  36.51124   36.03733   33.90236   35.13516   32.267117  33.0609    31.300108  28.561527  31.457972  29.744444  29.376118,538.7060096,23.21004114,0.9858218182225952,weighted3,13,0.4926124223163119,0.9041177099505658
44, 82.28475   78.435425  80.148254  82.29209   84.62686   91.425964  93.8081   100.92329  103.0305   100.96768  103.326515 104.2231 105.89243  110.724205 105.12639  104.20246  110.267426 113.40336 116.63121  114.20575  113.712685 113.97371  119.073524 115.9889 115.051025 113.15495  115.5683   111.5948   108.83614  108.52284 115.61816  115.78162  114.17364  107.61413  107.77558  114.07574 113.528465 116.811295 105.377975 102.31801   99.78094   99.04776  99.65622  104.43321  100.25717   95.51891   92.23646   89.37549  88.43124   87.863884  91.72266   89.91897   81.3434    75.59749  72.02554   75.8796    76.11836   69.90541   64.71215   66.42926  66.95746   65.25723   68.14877   65.66079   60.574787  57.98234  56.79103   51.27098   58.377388  59.353436  57.126564  55.44535  50.52908   51.025536  49.26494   47.734764  45.306152  41.418762  42.19575   41.780125  43.24477   50.01177   46.628304  43.272293  42.39681   38.522724  39.31642   34.68444   35.25395   37.334  39.51163   39.30763   39.5949    38.702877  38.831165  35.88819  35.631016  36.994843  36.291645  37.197037  39.4084    42.409157  42.688183  35.475246  35.374123  35.011635  38.801712  40.441776  43.63736   45.668205  46.242424  46.061264  48.89555   50.648922  51.23481   48.998024  49.93726   54.00619   53.6663    54.20629 ,491.3586276,22.16661065,0.9887215233312012,weighted3,13,0.490676767134814,0.9421405840132323
45,104.362625 102.31563  107.355095 112.43788  112.601036 119.13908 120.53625  122.92617  116.99177  111.932045 111.97532  117.271774 115.706345 116.06036  107.36     104.48296  102.17153  101.51221 108.77074  107.26166  104.030396 101.14305  101.35075   96.049416 100.166504  92.70353   92.32321   88.664536  83.12852   80.34447  82.1629    81.801315  76.65362   73.401085  75.22569   80.7828  81.281746  81.166176  74.38986   67.50542   67.17938   63.603233  66.38022   64.83538   64.55204   57.594658  59.29841   56.71492  54.507496  55.983116  59.252804  58.93764   49.56898   44.944836  40.53722   46.52039   44.806763  38.046757  32.230858  34.57355  35.620995  33.98211   37.45452   33.991974  29.068209  30.041197  30.615162  26.751863  30.099024  33.825512  32.536743  31.951414  27.806536  28.33729   30.167145  29.006487  26.190722  22.884085  25.94247   29.025482  32.071064  37.98311   39.572083  36.806713  36.027542  31.541561  31.982708  30.810284  27.82386   30.195324  35.375957  39.85142   39.595806  37.247112  38.583706  38.416153  41.70945   47.059677  44.96969   44.883816  47.35986   46.677414  48.74569   47.95043   51.31852   51.65451   52.820812  55.400787  60.909245  67.22423   69.17761   71.50112   73.64253   78.78363  79.08536   79.017365  82.313416  85.976135  85.86841   88.38434 ,521.8496951,22.84402975,0.9826847656390384,weighted3,13,0.4879250402708519,0.9167104472803035
46,109.44268  104.88751  106.7427   105.40005   99.146194 104.94979 103.44695  106.85831  102.498314  96.78193   96.04705   97.79771  92.54175   88.0589    78.75017   74.66445   75.67145   72.91435  75.45995   71.14434   70.755875  68.92686   69.79265   66.17607  66.390594  62.63019   60.841423  55.95128   50.385334  49.395042  50.204105  48.770607  45.36853   42.20232   43.834553  49.06094  49.829975  50.724545  43.721874  39.562874  39.250443  37.91513  39.314644  40.31548   39.18662   35.17717   35.124256  34.303055  33.708725  33.517635  37.543865  35.81472   30.025612  27.41468  25.332647  29.336136  28.496258  24.214262  21.167337  20.31275  22.021908  20.780684  23.921555  23.14881   17.905947  19.049538  19.438148  15.413682  18.189352  23.306631  24.234352  25.550562  21.752426  22.665628  25.91015   24.173512  20.30027   21.188492  24.065922  28.598484  31.051718  39.85378   46.2133    47.845413  50.88448   48.505035  49.46039   50.151398  49.465477  50.69331  54.97339   60.197052  61.583946  61.85807   66.495186  68.47274  75.15662   82.15454   79.845055  77.56889   78.169846  77.45649  82.55021   83.99681   85.96412   84.43763   87.71197   93.176704  97.51431  107.56066  108.026054 110.222725 109.36891  113.850044 113.747986 114.80996  116.45251  119.51864  115.60149  117.722404,1255.89874,35.43866166,0.9560039313063716,weighted3,13,0.4835899223386906,0.9327348210908096
47,124.43377  120.44704  123.24204  119.58331  109.95766  109.599525 104.84822  106.727585 102.66831   97.29434   95.98979   98.216194  90.825264  82.2737    73.42634   70.75479   69.801765  64.50774  63.145542  57.481823  60.84608   58.92464   57.446148  54.5522  54.317352  51.119972  50.508457  44.568085  41.217995  40.797226  37.154205  30.755203  25.937922  22.707373  25.766489  28.230448  31.49524   33.66524   27.648378  25.54841   24.501635  23.186277  23.451317  21.288805  18.947456  16.01795   14.891749  14.870391  15.198501  16.390331  17.009346  15.149931  13.072006  11.346921  11.670762  14.3257    16.57403   12.222134  10.876067   7.18847   9.789005  12.054233  14.464593  13.473265  10.650882  11.156508  14.692259  14.445501  16.428259  25.708794  27.105227  28.522743  27.301317  27.211023  32.454517  32.866703  32.332127  37.132473  40.51424   48.54517   51.228943  61.284435  72.55787   77.65699  82.48855   83.02923   84.32222   85.506355  86.02119   90.576126  93.67551   99.67879  101.72119  104.064926 109.031654 113.84589 122.978546 128.83875  124.960625 121.7567   120.1745   119.3254 126.12018  130.18808  131.65425  129.59093  130.68912  135.39351 139.13867  150.43394  148.07751  148.71901  144.81754  151.3018 151.29335  149.51768  148.08316  149.04594  142.87804  145.54318 ,818.1665303,28.60361044,0.9484335472537138,weighted3,13,0.490447672815548,0.9499655725737258
48,129.24112   119.50092   114.41054   104.95818    89.979706   93.026436  86.63257    93.90875    96.81811    87.40597    86.544914   83.304184  72.509285   63.027065   54.646374   47.397095   55.205715   51.659065  45.76024    36.111286   33.9024     34.70143    36.72754    36.59005  34.114254   31.695326   31.62825    25.027887   19.117693   13.514689  15.278539    9.430425    9.65597     2.3069243   1.9637734   4.9887433   7.2865005  15.684899    5.761236    1.6510838   4.238157    4.22654   2.1628044   6.4187384   1.6977447   0.1757067   3.8003032   4.630197   6.215294    6.603425   10.809094   13.356942   10.786374   12.5820265  12.417899   16.314129   15.442221   17.711992   19.410341   20.605318  28.127806   26.144787   32.536476   38.00977    33.78872    40.145763  40.78238    38.050503   44.980247   52.690914   59.50287    58.70639  58.488194   65.8454     71.00913    69.56915    67.33188    78.11683  84.67896    91.46005    94.34843   109.60581   118.33745   125.67134 131.1556    130.08704   127.78265   128.9363    136.60205   141.95631 143.9315    149.35672   147.64636   150.2837    152.62585   159.53487 164.63776   163.78613   160.01779   156.80107   157.8296    153.57242 160.82947   161.54219   157.55127   151.15932   155.73792   159.47672 158.74142   166.62123   161.57538   159.29378   158.19348   162.44276 158.66635   159.75432   157.7853    159.58116   150.60312   148.59872  ,811.6540836,28.48954341,0.9472769836815248,weighted3,13,0.5014977978152863,0.9267096530134526
49, 6.56502151e+01  6.21337929e+01  6.68155212e+01  6.24049606e+01  5.28452568e+01  4.49047470e+01  4.01903877e+01  4.10601044e+01  3.86227112e+01  3.56359100e+01  3.73761673e+01  4.08180084e+01  3.35065041e+01  2.85632954e+01  2.39692478e+01  2.32948818e+01  2.24699440e+01  1.60123253e+01  1.24171391e+01  1.08460512e+01  1.30634651e+01  1.05582571e+01  7.80422831e+00  6.76380777e+00  5.67673111e+00  3.74881244e+00  8.81548023e+00  5.16760683e+00  4.04932618e-01 -2.37934679e-01 -1.58241701e+00 -4.49021101e+00 -4.16715002e+00 -8.48825550e+00 -5.14000130e+00 -2.49134684e+00  1.55120742e+00  4.62259150e+00 -9.91725326e-02  2.53970122e+00  4.19911098e+00  3.78480601e+00  8.47729969e+00  1.39943399e+01  1.59810400e+01  2.01145763e+01  2.44160690e+01  2.56101418e+01  2.97928257e+01  3.56086960e+01  3.63788033e+01  3.90952911e+01  4.38322983e+01  4.56847267e+01  5.21621971e+01  6.51250763e+01  7.64505386e+01  8.27924728e+01  8.77911682e+01  9.14330368e+01  9.12221451e+01  9.42997360e+01  9.48623505e+01  1.02950790e+02  1.05894791e+02  1.06783119e+02  1.08033356e+02  1.14404709e+02  1.23607216e+02  1.31534286e+02  1.37059723e+02  1.34590317e+02  1.34745789e+02  1.33739685e+02  1.34803497e+02  1.33125259e+02  1.43458099e+02  1.49128098e+02  1.48512604e+02  1.47530518e+02  1.46253174e+02  1.48643494e+02  1.49704941e+02  1.57274597e+02  1.58358139e+02  1.55169312e+02  1.53406174e+02  1.52917023e+02  1.54363571e+02  1.57287155e+02  1.51960083e+02  1.51461746e+02  1.42673019e+02  1.41430130e+02  1.41412979e+02  1.45258972e+02  1.42709152e+02  1.35511581e+02  1.26947189e+02  1.28543625e+02  1.29296188e+02  1.26871552e+02  1.18250328e+02  1.17509331e+02  1.11954659e+02  1.10167419e+02  1.05230858e+02  1.09133400e+02  1.08199043e+02  1.08892654e+02  1.01826141e+02  9.77931137e+01  9.41139145e+01  9.57327042e+01  9.43601151e+01  8.91347656e+01  7.80739899e+01  7.29826889e+01  7.03779526e+01  7.30833206e+01,749.1881435,27.37130146,0.9217058482230376,weighted3,13,0.5251871645004055,0.9623544115849009
50, 40.89386    37.46264    41.844624   36.5606     27.846357   22.432981  20.230368   20.622257   17.643047   14.642759   17.040426   20.603922  14.55992    12.403294    9.757624    8.0202      8.258925    3.257414   2.744158    4.1530075   6.5929904   5.6438813   3.9539473   4.6933966   3.4282315   4.4334965   8.94438     7.916637    3.2692926   4.9737744   8.427577    9.596325   10.816549   10.592803   15.65094    20.405119  24.63735    28.012983   25.749374   30.423576   34.09765    36.169796  43.2035     52.706924   57.669235   62.33257    68.17634    69.91275  73.35679    79.87189    84.634544   86.65555    91.55165    93.391754 100.45645   113.12083   122.17457   130.64365   132.98296   136.29471 134.89244   135.3683    134.71942   143.18263   145.89534   146.21866 143.58563   148.45677   155.45387   159.3425    163.37268   158.07162 154.28447   152.41978   154.35033   150.18156   156.53044   160.03204 156.20975   150.68484   148.70045   148.26665   146.69945   149.11314 147.30641   141.38217   139.16681   140.26904   139.47694   137.62944 131.60323   129.61218   118.735146  115.9864    117.85042   119.60137 112.70393   104.16781    96.0962     97.62667    98.39659    95.39155  86.60435    84.15757    78.36783    78.13793    73.49799    76.9481  74.35003    72.50455    68.22451    64.662186   61.47954    59.79024  59.45644    57.426266   46.973145   41.826218   41.546932   45.54833  ,824.0418139,28.70612851,0.928221612372688,weighted3,13,0.4911931200063237,0.956789688455841
51, 30.032427  23.892107  23.199362  17.401503  10.957739  12.63469  13.742137  19.152857  21.852089  18.937366  21.996054  20.893112  17.998188  19.49315   17.632776  14.792077  23.29172   23.035172  23.593674  24.3116    27.137045  28.953596  32.91918   35.028736  31.83775   36.060314  40.206932  39.2868    36.503323  40.218056  50.16203   53.680096  57.312943  55.884197  58.95901   65.678375  68.34002   74.48199   67.777     73.039764  75.67358   79.824745  84.68026   98.30657   99.919205 102.54021  104.42768  104.88557 107.16599  109.65339  117.692856 117.18646  118.35464  117.72896 120.98205  128.19696  132.48073  138.4637   137.5166   138.94077 138.78812  136.52254  136.3684   141.4835   140.41533  139.31435 133.98045  131.84221  138.97157  139.2741   141.19896  136.00188 129.09874  128.7063   129.74242  125.042015 123.430336 124.82342 120.80114  114.2016   113.12678  116.63478  114.324394 112.91634 111.02508  105.27676  103.72508  102.823296 103.71352  100.0889  95.94258   92.97097   86.172325  84.53583   87.69846   86.2495  80.11391   73.818634  69.22097   69.23321   69.44874   68.62784  65.40876   58.145485  52.42886   50.708958  51.44505   54.46081  50.57067   49.05828   47.32007   44.272266  43.04286   39.542236  39.48365   39.23208   32.44463   31.086325  29.434898  30.771107,1465.895697,38.28701734,0.9459244112055584,weighted3,13,0.4937211950031832,0.9175677364434528
52, 17.255507  11.764152  10.917395   7.982152   6.592152  11.079618  14.814448  22.31241   27.653004  27.551271  31.258799  28.586523  30.178679  35.053226  33.32536   33.20442   44.831127  47.461273  49.387424  51.006702  55.71557   58.078697  64.78324   65.98487  62.06981   67.738304  72.833565  71.21921   70.8725    77.69951  88.79045   93.42332   97.12349   93.97847   95.293045 102.61837 103.44238  109.20107   99.100555 105.09243  103.92818  108.159004 110.98662  124.31106  123.30431  124.799164 119.96186  118.78065 120.394    119.7009   127.05341  123.11034  121.27091  117.43603 117.83624  121.38334  125.75685  127.13293  124.50003  123.82784 122.225426 120.83434  119.81084  120.130486 117.08106  111.97309 107.29641  101.79035  109.73967  109.26608  108.18365  105.58876  97.7776    95.807365  94.46827   90.651505  87.104515  84.52519  79.95078   74.06393   73.38508   78.291885  75.10534   72.70072  71.39727   67.71859   68.09822   64.05739   64.46547   61.265057  58.425953  54.28448   51.961586  51.56824   55.056545  49.9207  46.39986   44.092865  42.003456  41.483494  40.721996  44.05946  42.219032  31.851513  27.72349   25.83887   28.75908   31.449043  29.19485   28.645916  27.974089  25.57553   24.607096  21.39638  22.689903  20.070812  14.918462  15.318708  13.413408  13.277427,1944.633076,44.09799401,0.9720238997238616,weighted3,13,0.5003297200584093,0.9117853726562473
53, 40.5642    37.338654  39.500027  42.754066  46.166344  52.518707  56.946392  63.333656  65.78591   65.234955  68.24602   68.80348  72.20811   78.3198    74.18324   74.95685   82.10394   85.37637  90.69076   92.41565   92.62714   92.95729   97.98558   95.69996  95.82105   95.60597  100.28666   97.65809   95.85866   98.90391 106.94913  110.74866  111.01704  105.94268  105.72488  112.51804 111.68171  115.36043  104.625694 104.52862  101.98998  102.2412 103.92537  110.750534 109.1019   106.87776  102.2912    99.42362  99.22175   98.62718  103.63974  100.89335   93.49759   88.10183  84.767075  89.32308   92.058495  88.83026   84.765884  86.90292  85.63941   84.40168   85.446266  82.58593   78.284515  74.2942  72.285614  66.63187   75.132996  75.90071   73.82992   72.88615  66.925545  66.13945   63.9271    61.401936  59.46505   54.221684  53.047462  50.65065   51.622616  56.949238  52.405746  49.568768  47.717278  44.202324  44.615387  39.305042  38.48344   38.89372  39.462654  37.495483  36.12868   34.761955  35.360687  29.840916  28.12857   28.672438  27.56131   28.016148  29.380651  32.85382  30.281342  20.982243  19.894909  18.693806  20.894512  21.88767  23.631145  23.78458   23.764776  22.633753  24.089432  24.435106  25.498684  21.684605  20.066656  21.917677  21.69964   21.009537,2447.603936,49.47326486,0.9889388483796402,weighted3,13,0.5069128190720608,0.9308837826386422
54,129.8621   131.60576  142.0025   151.07089  157.15938  159.44579 160.78647  161.36208  153.83418  151.19899  152.23859  162.27486 163.7464   168.0104   160.47105  160.38733  152.40508  152.77377 160.26683  158.45001  157.07257  153.39554  152.12146  145.09407 149.80583  140.24171  140.69017  137.09268  133.36728  129.09724 129.32512  124.718376 115.31801  111.50386  115.89058  120.31853 122.20206  120.029655 114.009346 105.930756 103.618835  98.21595 101.78168   95.86971   93.88473   83.895256  85.28607   81.58319  78.11305   82.341805  81.41928   81.505554  71.35159   63.851723  60.346638  67.14218   66.78636   54.20606   45.216732  47.341923  47.037537  47.720146  50.72271   44.8006    42.037052  40.123295  42.765766  42.67275   44.629505  48.013046  42.63319   38.982414  35.784893  33.319347  33.48272   34.641903  36.21692   29.680843  31.682512  34.201836  36.761395  38.37416   36.26306   29.216112  25.67481   20.140556  21.825367  18.956724  14.083496  19.21774  24.04978   27.264025  27.126131  23.618647  21.961199  21.772429  22.343512  25.490263  23.016506  26.16306   29.42176   30.725288  30.266584  29.252417  34.461514  39.239468  37.75042   38.104736  46.119385  49.406326  52.21824   54.566673  58.435795  64.84082  66.766396  64.11953   67.880356  72.094154  76.40718   82.63446 ,948.3792305,30.79576644,0.9873052286043656,weighted3,13,0.5014758819973628,0.9407181253041179
55,235.61263  231.2976   234.79773  223.89568  216.96693  220.1228 210.93542  216.44347  212.81157  208.08978  207.92381  210.98685 202.92055  199.30731  189.32356  183.47202  182.11377  180.29926 171.05061  152.88113  157.55417  158.6442   161.69981  157.48468 145.33427  145.40912  136.11763  127.80089  121.397354 114.736145 115.90811  102.72541   92.701065  86.80254   93.15357   98.44927  99.8579    97.465034  90.08619   82.748825  79.53666   79.871315  78.80147   79.45415   69.65226   61.917526  60.718887  61.944542  60.152554  61.018524  61.347855  59.132717  54.172947  49.34095  53.606308  55.02319   50.55345   35.89474   28.124361  21.92783  23.90582   22.119972  27.979015  32.12658   26.785528  24.78085  24.848675  25.263184  21.819878  22.256264  18.450924  13.941231  10.6651     9.935155  11.03411   10.234256   8.901284  10.869799  12.186324  15.808102  15.074266  21.055418  23.407276  19.432886  24.414858  19.331509  24.07268   27.314398  29.951609  31.742762  35.929565  40.735123  46.35357   48.90763   53.920834  62.052795  66.42793   72.60707   71.98925   74.24107   77.108795  80.37746  88.65042   94.699135  98.217384 105.51704  114.41424  123.467804 133.391    144.79997  148.21461  153.01785  155.28435  158.5663 160.47467  166.58505  172.97607  181.919    182.70743  194.54979 ,572.9154376,23.93565202,0.9551922012646484,weighted3,13,0.4936326023371414,0.9400445545224577
56,206.28767   200.51474   200.84384   187.8976    175.4952    176.2171 165.60373   170.4927    170.06133   163.3268    161.96259   162.39354 152.1196    142.67387   133.42944   128.35724   130.0493    126.36469 116.185394  101.01708   104.23762   106.510895  107.342964  105.55933  97.23185    97.76246    92.62303    84.11795    79.603806   73.992226  72.16709    59.206932   51.098038   45.530434   49.371803   51.87896  54.20291    58.316372   51.284588   45.38682    43.56608    44.348534  39.980125   38.39433    29.930202   25.661648   23.845383   25.899096  25.287527   26.288378   26.701647   25.573654   21.932747   20.857903  23.949062   23.083813   20.463701   12.383466    8.898314    3.1111722   8.333509    8.084722   14.556965   18.121962   13.764823   14.759  17.368715   18.386478   17.85104    24.103315   24.521822   22.347368  21.766397   24.994917   30.460073   29.888783   29.139      37.699406  42.287098   51.730927   53.37127    65.773094   74.605194   77.63809  84.5745     84.37756    86.207825   89.94683    95.70006   101.708855 105.57075   112.028046  115.379845  120.62512   125.62138   134.67783 141.52927   145.55437   144.01117   142.01256   142.67285   143.09567 153.88344   160.10489   160.8823    161.89311   168.48035   173.1792 179.38887   190.4379    188.54143   189.28502   187.57027   193.0499 193.04774   195.79228   197.82047   202.18982   197.14073   202.63521  ,748.2693719,27.35451283,0.938452704426243,weighted3,13,0.5022404636891847,0.929550979281928
57,167.74521    160.51448    157.85333    145.52374    130.27393 125.33956    113.96969    119.5244     125.4787     117.07449 116.171104   114.85748    103.93683     92.17498     85.84045  82.36546     87.73589     83.75937     71.92654     60.332188  60.09184     63.34977     62.23742     63.174007    60.28712  58.882027    61.8217      53.61432     51.577587    43.90668  40.79017     26.761858    22.111553    13.571645    14.294284  13.024105    17.319748    30.42739     21.627892    16.76425  17.272715    17.08811     10.073917     7.232927    -1.073167  -2.2237      -1.4208281    0.35260856   1.5839263    5.0996647   3.9000974    7.5248485    5.5594826    8.232059    10.272687  10.756353    12.255579    12.543495    14.411493    13.698319  23.3759      25.225548    33.077957    37.539955    36.471733  41.59723     47.1364      50.862213    57.684772    69.769936  75.38577     72.24023     76.31256     84.87303     92.46628  93.402596    97.80543    113.395744   121.90673    134.78972 138.52945    156.00543    166.11525    175.46233    181.41055 184.46188    181.4392     182.54672    193.54663    206.93134 207.98103    213.48718    210.5927     216.65881    216.17938 226.01398    229.80028    223.81793    219.74619    216.44005 216.70268    213.35022    221.63739    223.82251    218.86351 213.1184     214.76924    211.93419    211.99356    216.26056 206.64697    200.27678    197.1739     204.48683    201.15756 197.43127    192.39247    191.21411    181.91817    179.65701   ,475.7762025,21.81229476,0.9460847580637456,weighted3,13,0.5049730460856308,0.9618337749975804
58,129.87805   122.33426   121.20402   107.62095    92.53233    82.59389  70.68587    76.267395   82.70409    75.92149    77.981995   77.84252  66.015594   58.43349    54.678513   51.394707   56.68407    51.726498  37.020237   26.71853    23.284628   25.374067   23.961386   25.504265  19.982573   18.689615   24.702768   18.033773   11.830936    1.4130218   1.3989877  -8.929529   -8.52422   -19.55741   -19.03211   -18.858759 -15.219008   -3.4593437 -11.78141   -14.506828  -11.1184    -11.059396 -13.267508   -7.2442164 -11.949214   -7.0257354   0.7201946   3.781386   8.70998    16.127525   15.745662   24.685654   28.182125   34.31657  42.495533   55.08136    63.95932    73.777084   81.86514    89.92858  96.64987    97.538284  104.88156   120.69275   124.02435   130.62164 132.77051   142.26837   156.31752   165.1239    175.36478   168.4919 173.76604   182.16727   183.94576   182.02246   197.05023   212.61467 217.67471   220.33119   219.41501   228.51038   226.14114   237.41129 240.18329   237.55196   231.8653    231.7715    244.04749   254.50563 247.92604   247.3843    234.06192   235.71976   229.98242   239.6146 231.54576   213.79347   205.5171    208.3686    212.9016    207.96545 199.92438   198.14021   186.66621   182.3631    180.06638   178.9589 176.06439   170.92294   157.96909   148.64397   147.8255    149.75484 144.61519   139.97781   127.67234   122.58627   118.039024  117.11322  ,624.0361176,24.98071491,0.9620182830269994,weighted3,13,0.510907411505625,0.9641156248840597
59,102.62117     95.48043     95.33269     82.03556     67.145584  58.38841     49.375275    53.16826     56.35912     49.218296  51.896893    53.463554    41.918858    36.92555     34.9435  29.66846     33.291374    28.42773     18.002747    11.17591   8.669263    10.698816     9.323253    12.252382     7.415162   7.615143    12.460937     9.194485     2.2977588   -5.84446  -1.4623783   -7.5671763   -6.0404     -11.812578    -7.948617  -5.4465194   -0.29623666   9.712474     5.269407     5.3508453  12.0626955   14.066124    17.098017    27.61176     27.582747  32.648907    44.924755    48.49723     52.962906    62.337387  65.88842     74.82696     80.45863     86.55706     96.42399 111.16751    118.47022    130.97948    136.36528    144.45322 149.31981    147.86398    152.9683     169.93225    174.09845 180.68306    178.46432    187.43094    198.2484     202.8925 211.84456    201.23772    202.15125    208.10646    210.79869 206.69933    218.1035     230.93689    231.79065    228.01134 225.88246    229.59238    225.00604    230.2527     229.22012 222.13307    216.1626     218.24931    226.52652    230.67995 222.73547    220.83734    204.62674    203.13464    199.54253 207.85345    195.05914    175.60312    166.30539    169.96007 174.42804    167.68596    158.32771    155.94853    144.58359 142.8341     139.35002    139.51259    134.44855    127.289856 118.01801    110.06641    109.84143    108.197685   104.1047 103.40464     91.31257     86.080376    84.739235    87.082375  ,863.1102812,29.37873859,0.9744243190984908,weighted3,13,0.516322472918492,0.9305899281687114
60, 60.068848   54.67363    55.66434    46.053726   32.76444    27.556355  25.267733   25.401873   23.8993     15.804526   17.804132   21.844963  13.168177   10.37       11.115113    4.0869594   5.0229397   1.4276663   1.8867431   3.069719    5.362414    8.116336    6.379639   11.866436  12.62239    15.074266   18.73414    20.979927   18.195654   17.533884  26.911787   25.591051   25.866444   31.250217   40.9398     45.35039  54.67665    64.51177    66.29724    71.40224    81.576294   86.537895  95.14719   105.91594   111.84591   113.081276  127.34665   130.15817 131.2638    141.93549   150.75731   155.82971   161.70598   164.88576 172.47939   181.62923   182.68219   193.76692   190.15044   192.02457 195.96712   192.74422   193.31763   201.72426   205.4201    210.15715 203.95761   208.34796   209.52562   210.95087   213.9443    199.34383 192.31918   193.66017   202.6427    197.90675   196.22433   204.31776 200.26459   193.31369   193.17462   193.93011   195.20638   188.85924 182.35176   172.94002   167.8176    173.02505   173.15169   170.23164 164.69626   164.02295   149.62375   145.87424   148.7258    153.66537 140.80159   125.04478   116.45973   116.558685  116.68078   107.95954 107.69272   105.29485    98.240395   98.66189    93.71305    92.20322  83.911      78.07193    76.25895    71.102425   69.36512    66.06789  65.18653    68.95306    60.42415    56.076626   56.266514   61.64738  ,1048.361615,32.37841279,0.9819798325830448,weighted3,13,0.4783085594464588,0.9014252088404975
61, 31.265736  26.44102   25.835503  19.692759  12.643507  11.964398  14.973207  17.657831  20.834455  15.402822  18.142904  19.791456  17.905937  20.06306   23.051899  18.736586  25.115383  26.687012  31.375364  36.028404  42.457455  47.7648    50.12135   56.72174  58.412045  64.53868   70.13603   73.395134  76.56997   82.070724  95.83834   96.33476   96.555824 103.16723  112.354576 117.496544 126.58677  139.05072  137.84814  145.90038  152.79196  159.6432 166.02754  176.62561  179.85966  178.14     184.26532  184.77078 183.66833  190.87578  200.80893  200.61658  202.49791  200.87361 203.62988  204.14914  202.16028  207.41998  198.09422  194.77657 198.33452  195.42722  194.02576  192.89233  193.96687  193.4339 186.77762  184.948    184.23343  183.873    181.02843  167.04723 156.38039  155.71841  164.94403  161.4402   151.79689  155.07599 149.3562   143.20491  144.9449   148.65164  151.44563  139.44508 131.54002  124.75037  121.572685 123.55586  122.18716  118.935165 115.79665  113.85325  105.524345 103.53397  108.44044  107.84595  97.41791   85.799416  81.05115   78.5381    75.53455   71.06721  77.80274   70.161446  65.49097   65.356316  63.093628  58.318096  49.44196   43.766758  44.955917  40.035393  38.148796  34.670868  36.218914  38.09325   32.5038    30.574585  29.917645  33.003338,1341.282248,36.62352042,0.984240061671531,weighted3,13,0.4854039608099924,0.870711692258475
62, 65.28338   66.67437   73.57775   78.22178   86.59636   85.6627  89.774765  93.36772   97.412834  99.24292  103.15141  108.34825 115.90075  125.17086  125.78811  130.63858  133.22398  138.7762 143.80627  147.09515  153.48021  156.61578  159.56877  159.08234 160.81874  162.47308  170.18669  169.03899  174.67839  179.16937 186.63039  182.94673  176.77043  175.00446  180.09554  183.74342 187.72989  195.08801  187.36491  189.3606   185.24773  186.40405 186.88695  186.91656  182.68417  176.67865  169.74147  166.26132 163.3724   167.29941  167.99348  164.2066   157.05508  148.41306 146.2822   144.775    146.98322  137.26237  126.25796  123.16283 122.72617  125.07705  124.68605  114.94462  114.26477  105.726456 106.48052  105.42953  108.720505 110.32953  101.09999   93.30727  87.112076  83.164085  84.30162   85.17571   84.20681   78.39303  75.193146  74.84986   77.00745   80.39804   76.565605  65.787  59.46234   57.371758  58.525864  52.607994  50.323654  55.609135  55.82002   52.598698  51.76035   51.604565  50.775513  45.458187  39.920994  35.353527  34.50921   35.48163   34.37524   39.63748  41.402527  31.245352  31.871975  35.020264  33.301037  26.233099  27.63507   22.408077  22.934021  19.25442   20.010103  22.019321  26.116026  18.638178  16.442976  17.327494  20.3397    22.971365,786.1313015,28.03803313,0.9846772422536212,weighted3,13,0.4944395018572705,0.9568341868337075
63,132.76172  128.78313  130.70357  135.1076   140.04951  147.19705 148.98491  157.76003  160.59329  156.85565  159.46722  162.29114 164.24904  171.54308  165.49161  162.68004  166.95396  172.14388 174.62408  167.87442  165.23422  165.26144  171.14915  166.78467 166.4556   160.3112   161.58867  156.83083  153.64983  147.29665 155.53122  150.6683   146.60333  137.03352  138.01306  143.69397 144.27232  147.87369  134.41681  126.58643  124.55787  121.45158 121.72945  123.78905  115.61415  105.28838  105.73422  101.448814  98.74978   99.61976  101.42835  102.51985   90.89114   83.12504  77.96759   82.168686  78.5471    67.200714  58.53649   62.076126  65.46339   62.834484  68.40835   65.05147   59.638615  58.94582  58.461285  53.03297   59.496536  59.37948   55.577957  50.033707  46.295532  48.60909   46.132393  46.873436  44.270905  40.155373  43.43354   43.497936  45.886444  52.943394  47.271175  39.47585  36.66726   30.378122  30.957973  25.054653  27.235569  32.693314  36.639664  37.28927   38.31314   36.126896  32.486538  31.772284  29.745718  28.488173  28.125132  31.615887  36.12187   38.29201  40.60202   32.942863  33.77558   35.38643   40.025433  40.07883  44.23912   44.726738  46.672386  46.869946  54.227608  57.604046  57.39033   56.147694  60.870335  68.61948   70.40636   72.50481 ,1521.537585,39.0068915,0.9824310680400474,weighted3,13,0.4930274209986717,0.9387964904861889
64,226.3739   224.16223  230.07198  221.94739  218.92636  219.63823 211.45741  216.24437  213.36368  210.74858  211.47057  216.20023 211.07146  210.1367   201.70099  198.6745   196.03154  195.32982 186.89041  170.70374  176.49031  177.62717  180.16652  175.63483 164.62485  164.52069  157.6706   149.7504   145.46478  139.68578 140.42464  126.48549  115.336266 109.08844  115.82304  120.33451 122.16057  120.123886 112.592    105.98724  101.277306 101.069534  99.82434   98.707275  88.459625  80.40277   77.37687   77.77658  75.68612   77.604614  75.95473   73.44926   68.07033   61.858906  66.00338   67.28549   64.86874   48.5707    39.94619   33.894707  34.85729   34.81837   39.836807  41.782448  37.805088  33.541298  34.87642   36.864277  34.24237   35.044415  29.283348  23.90724  21.136866  18.908493  18.963133  19.2351    20.530352  20.63311  21.122324  24.512447  23.728401  28.100363  28.22917   22.953945  26.26064   21.754774  26.718079  28.039957  29.877829  33.53312  36.89989   40.11658   45.260105  47.58084   50.729973  57.29625  59.888546  64.20117   63.51666   66.82674   69.50397   74.32401  80.391106  84.52256   88.182205  96.50212  103.35261  109.857414 120.105515 128.60872  131.40248  135.02269  137.40886  141.10728 143.8924   146.87584  151.98796  159.95183  162.36768  174.28627 ,1234.169576,35.13074973,0.9534309113052276,weighted3,13,0.4680965499772967,0.9217172399276973
65,214.51024  209.60506  210.58563  195.99164  184.54681  181.53116 169.21524  174.46791  177.22424  172.11395  171.55421  171.96785 162.76964  154.04419  146.63855  143.97502  146.47287  143.58682 129.8891   113.86685  118.85336  122.78051  123.51889  122.625084 112.66425  115.064125 112.09906  102.93275  100.75253   95.05084  92.567215  76.41709   67.23333   60.22794   64.24553   65.21803  68.11523   74.65715   66.93302   61.984383  58.571983  59.960182  53.33764   50.670574  39.833088  36.476116  32.19027   34.520805  34.228645  36.218044  34.29772   33.253937  30.37475   29.233131  33.814976  31.548498  31.044712  22.25858   19.115948  12.576901  18.105307  19.653214  26.322779  29.938921  27.172482  26.34746  30.507452  34.20106   34.809864  41.981346  41.503975  37.913815  38.932     42.170258  47.218956  47.56295   50.407154  60.369606  64.75907   75.224594  76.49726   89.25527   96.62509  100.20742 107.05802  108.47991  110.214325 112.79746  120.60595  129.7261 132.01128  136.85167  139.57976  146.36539  149.61673  158.97667 163.84413  164.32516  162.81502  161.49072  161.87625  163.87987 173.64906  178.59062  177.97496  179.45552  185.16391  187.0284 193.05316  201.0459   196.87119  195.23813  192.95108  198.60667 198.99492  198.86835  198.64752  201.7286   196.97133  202.2029  ,2043.13021,45.20099789,0.92119502597897,weighted3,13,0.4551483472673595,0.9142432468589851
66,178.36598   173.1876    172.96487   160.32204   146.42964   137.88095 125.09542   129.2962    135.48232   128.86078   128.15855   128.31094 118.421295  106.6383    101.23777   100.39757   103.76481    99.58109  85.99552    74.364914   76.50868    80.37021    77.92537    78.81472  75.290184   74.93506    78.9248     70.230675   70.266685   63.38512  57.915783   41.018414   33.88088    25.511171   27.274073   24.579502  29.540985   42.947033   35.01967    30.859724   29.466358   29.35706  20.978218   15.160889    5.758533    4.9030128   2.9781168   4.989809   6.045601   10.612379    6.786644    9.535228    8.1581     10.259955  13.619943   12.605241   16.062265   14.234369   15.652224   13.05927  22.03104    26.15712    33.491837   36.629776   37.00693    39.781773  47.371643   53.94114    59.986256   73.43288    77.273926   73.70192  78.908875   85.99895    93.83294    95.80907   103.26441   118.986824 126.95045   141.56969   145.13193   161.93451   172.18878   181.70567 187.74133   192.53912   190.24118   191.06609   201.94316   217.6435 218.11119   223.09737   220.62859   227.98074   227.0768    237.15959 240.82019   234.1569    230.0953    227.04868   226.51935   224.8485 232.77089   235.63387   231.15921   226.82234   227.02759   222.3121 223.60847   226.90434   216.1979    208.88799   204.49759   212.79614 210.60622   204.43314   198.0989    195.71306   187.14626   185.94023  ,1088.738201,32.99603311,0.926471601241424,weighted3,13,0.4663575513377264,0.9651036094142541
67,145.82645    139.01411    138.09386    124.69573    109.685585  98.88505     86.006996    91.23591     98.499916    91.76125  93.02025     92.88867     81.4728      72.08563     68.016884  66.03004     70.887215    65.98375     50.62447     39.755623  37.641216    40.358105    38.18936     39.62023     35.031532  33.63822     40.055046    32.37538     28.379902    18.368977  15.808886     2.5458925    0.65635544 -10.516986   -10.134746 -11.614148    -7.448        5.842636    -2.7879965   -6.1821175  -4.426629    -4.7867785   -9.703544    -8.084899   -14.74925 -11.159678    -6.4730268   -3.7200048    0.3368789    7.23188   4.896749    12.60901     14.78404     20.164997    26.958443  35.58767     43.74578     50.577866    57.60395     63.035233  71.01022     73.54306     81.29004     93.51452     96.485794 102.27137    107.01015    116.52434    129.2832     140.63464 149.59525    143.82298    150.25606    158.9686     162.6174 162.32233    176.6641     193.40965    200.14725    207.45935 208.10405    220.32341    221.87434    233.99747    238.02544 238.42805    233.29665    233.01285    245.88649    259.59915 254.7937     255.86604    245.24121    249.04579    243.75984 253.95792    249.32765    233.69406    226.38991    227.47838 230.54689    226.44855    222.68379    222.115      212.07623 207.05309    204.87312    201.66809    199.77899    196.43884 182.77939    173.05894    170.92824    175.39288    170.72682 164.3565     152.85811    147.85284    141.5441     139.64793   ,948.3507154,30.79530346,0.9543790144455704,weighted3,13,0.4702288870001381,0.9711437140836406
68,118.431      110.20059    108.67696     93.95283     78.33949  69.468056    58.592346    64.19795     69.727486    62.400234  65.149895    65.248375    52.890793    47.14162     44.35096  39.147396    44.72271     40.04934     26.331512    16.676619  12.660254    14.99244     14.353962    16.84454     10.353849  10.092568    15.163737    10.147871     2.414416    -8.075631  -4.531558   -12.343648   -10.355799   -19.615318   -17.739002 -15.8275585  -11.871413    -0.89819324  -7.7919936   -9.457338  -3.7137604   -2.382397    -1.6717181    8.748614     6.2045155  11.780942    23.176903    26.825449    31.976954    40.480335  42.817875    52.75487     57.652542    64.416695    74.20296  89.35178     97.33374    109.81789    117.281006   126.76253 132.70956    131.39252    138.22151    157.02649    160.73872 168.14278    167.0058     176.31711    189.76033    195.29181 205.85567    196.32808    199.39731    207.41098    208.7183 204.95984    218.76244    233.40071    236.22112    234.0171 231.78374    237.67198    232.10739    240.38289    241.12546 235.02269    228.72858    229.81854    241.10509    247.66646 239.609      237.6939     221.67758    221.26425    215.94875 225.29749    213.04904    192.78644    183.78853    187.95291 193.51283    187.28696    177.0154     174.32103    161.73994 158.83743    156.60431    156.84033    152.41414    145.18987 133.91179    125.0779     125.5133     124.52605    119.34421 117.67097    105.25719    100.375374    97.93894     98.778564  ,1692.732812,41.14283428,0.978196814297844,weighted3,13,0.4761871061439264,0.94035371316767
69, 73.48081    66.74914    66.37888    55.069485   40.569633   35.48897  31.569891   33.322483   33.31026    24.681414   26.866758   29.713175  19.68378    16.40907    16.402645    8.576595   11.071732    7.3998394   4.967525    3.4015388   3.9587626   6.74957     5.7807636  10.963683   9.855596   11.810188   15.122371   16.137136   11.704198    8.504627  17.898224   15.647205   16.896078   19.435938   27.715704   32.1155  40.45655    50.564148   50.5449     54.158173   64.30968    68.82678  76.41537    88.45503    92.79666    94.694084  109.74041   112.84752 114.77868   125.02223   133.46373   139.9892    145.83185   149.96466 158.12715   168.93639   170.44096   182.42824   180.83536   184.6435 189.37068   185.59764   187.68407   199.12633   202.55093   208.60861 202.44876   207.24617   210.7083    212.07974   216.98819   202.70512 197.18396   200.3294    207.80408   202.86247   203.26514   212.91138 210.13884   203.13457   202.41982   204.09686   203.6373    199.51982 194.22339   184.48643   178.88889   183.66165   186.27776   184.32806 178.22855   177.31024   162.22462   158.6968    160.05992   166.21957 152.81078   135.6621    126.918785  128.02223   129.59875   120.733 118.743256  116.16002   107.6522    107.43828   103.64041   103.09501  95.01808    88.846176   85.66253    80.026184   79.33911    75.84971  73.79244    77.743095   68.90219    65.01327    64.77904    69.495224 ,2620.471218,51.19053837,0.9853981368981906,weighted3,13,0.4810098216771394,0.913273830984231
70, 36.685947   31.52149    30.844975   23.874758   15.336458   14.340693  16.683619   18.898901   21.071327   14.68737    17.204752   19.26419  15.966972   17.231659   19.966503   14.5211115  20.002497   20.772976  25.20061    29.328463   35.096283   40.13942    41.900555   48.64115  50.372234   55.97293    60.870907   64.32442    66.48919    70.95314  84.63211    84.96433    85.224686   92.33696   102.06868   107.276215 116.7939    129.00847   128.72665   136.3778    144.46344   151.27037 158.44978   169.40456   173.3934    171.77425   180.08002   181.03581 180.06479   188.0353    198.39844   199.17589   201.79872   201.00119 204.50974   206.20937   203.8269    210.22247   201.20963   198.51677 202.45723   199.01418   197.91946   198.29779   199.7027    200.4409 193.33261   192.15779   191.00958   190.5432    188.54395   173.82202 163.20189   162.97324   172.76479   168.90898   159.40846   163.61133 158.01704   151.39932   152.9677    156.15842   159.12497   147.14343 139.09735   131.39471   127.76941   130.76659   129.41936   125.64608 122.29927   120.79895   111.379395  108.87155   113.84786   114.35683 103.28433    90.87904    85.48252    83.20567    80.61624    74.909966  81.395134   74.76397    69.7987     69.86309    67.298065   63.069393  53.85357    48.232853   49.489838   44.730083   43.008095   39.32803  40.474205   43.506107   37.865185   35.803303   35.327316   39.0687   ,3037.556612,55.11403281,0.9821772156629972,weighted3,13,0.4499277442284803,0.9023522490987668
71, 39.985798  39.160763  42.332275  42.421665  46.516426  46.92162  52.189445  56.393963  62.46916   63.03054   66.83694   69.1716  75.58996   83.64678   86.565186  89.26763   96.13991  102.07157 107.56743  112.56776  122.120125 127.86377  132.40729  135.79848 136.55338  143.25699  150.75899  151.73465  159.44362  167.97859 179.77689  178.1837   174.41583  177.0805   184.05502  188.56697 194.62038  205.31648  199.37085  206.17343  204.69476  209.87236 211.4267   216.1593   213.62144  208.9555   202.6675   200.34491 197.46953  201.14938  206.05544  200.70494  196.43048  188.76231 187.58075  182.3728   182.08528  176.04063  163.39229  156.71121 157.31491  157.99503  155.94067  145.99593  145.13838  136.68138 134.138    130.62477  130.90323  130.85654  121.40455  111.33959 101.55773   97.51532  102.24854  101.616455  93.90194   90.13261  84.41493   82.01672   84.38436   89.04454   88.910324  75.46471  68.406555  66.03116   66.635056  63.009315  60.603756  61.86345  61.223564  57.63034   56.631287  57.205437  60.45146   54.803684  48.347015  42.781254  42.104828  40.27211   36.51771   40.279617  47.33927   36.30175   35.606594  37.54774   37.020535  29.71797  26.730122  21.56879   23.48438   19.268145  18.024904  17.259407  21.807947  17.346315  14.441868  14.848471  15.861525  18.201584,2424.322237,49.23740689,0.9809053081089824,weighted3,13,0.4553341881283055,0.9606892967226702
72,136.95407   134.46802   137.87698   142.24084   152.00145   156.96588 159.19315   169.42361   175.78062   175.6865    180.14032   183.1214 188.97798   201.06963   197.55101   197.8542    203.62564   211.65816 211.771     204.2256    205.43332   207.20805   215.19496   211.22359 207.52214   204.49518   207.33557   202.40398   202.39041   197.64914 207.9348    200.77344   195.69139   184.61465   186.58475   192.17564 192.90344   196.90547   181.60196   175.8603    170.80142   168.85674 168.09106   171.12347   159.56921   148.81938   144.86833   139.97299 137.06706   138.01854   137.78296   137.1756    125.62636   115.16447 111.30832   113.5742    111.67309    96.34011    85.53351    87.14358  88.93046    87.78637    92.337906   87.50254    83.037964   77.571594  77.20617    72.89031    79.62395    77.43073    69.82238    62.06114  57.879963   57.65751    52.379906   54.131485   53.641346   46.88019  47.56981    45.460968   46.516697   51.43179    41.27257    30.147482  25.989752   19.839722   21.974821   13.470344   16.130014   22.470434  24.677547   21.904854   24.255163   22.76253    17.716944   15.156964  10.084721    6.4029408   7.0674577  12.64388    16.922441   23.143486  23.8587     12.800682   13.28494    17.673775   22.749722   21.239212  26.048494   23.012684   25.212788   24.401802   32.608887   34.606705  36.148125   32.41925    36.398754   44.87972    49.194546   52.95528  ,1877.540521,43.33059567,0.9858774085171502,weighted3,13,0.4631890155265653,0.9753708589071609
73,259.2837     255.75124    260.01288    252.9232     255.99344 258.49786    251.83823    262.3116     265.256      264.11063 267.4007     271.1641     269.80832    277.10446    270.57022 266.7164     268.29858    273.27112    262.06964    240.58109 247.43509    250.16542    258.4617     253.76573    238.30028 238.44376    231.33125    222.87488    219.8568     210.63567 218.35625    200.73534    190.10857    178.63855    185.88751 191.68709    193.71167    192.16873    178.80531    170.95319 164.8173     164.60342    163.28145    166.24602    149.0753 136.15096    133.25723    131.58397    128.4894     129.9111 127.26064    125.71143    118.00261    107.411934   110.91696 111.75863    106.51771     83.759796    70.64636     65.52885  67.49793     65.866615    72.22628     73.97778     69.149956  62.74949     61.967598    61.805267    60.403084    55.65827  46.124973    35.380173    31.58065     29.207897    24.171574  26.255161    26.500475    23.157316    22.608189    20.8483  18.850952    21.66079     13.747306     0.86373323   1.2849996  -7.0932903   -0.941405    -3.910432     0.6886577    4.9860888   7.662768     7.2532926   14.537496    15.442269    14.454633  20.220276    17.61653     17.280552    18.188639    26.104094  31.183756    38.96792     44.919067    43.05773     45.833286  57.48184     68.02786     74.32188     84.33734     88.370255  93.71054     97.38365    106.004974   107.43878    110.38216 113.980354   122.34533    135.90927    142.04709    156.11136   ,647.3910283,25.44387998,0.989199386351832,weighted3,13,0.4651885573797851,0.9668662643935265
74,254.28287  250.21007  253.49536  237.73512  231.10588  230.22244 218.20868  225.3383   226.72958  224.52312  225.62267  227.32852 220.18115  217.66481  210.13586  206.76459  208.2084   207.77339 192.00027  170.77179  179.4489   183.5657   188.02348  185.51607 168.09761  172.9474   165.00229  155.4989   152.05508  146.03703 147.7729   130.13028  119.14549  111.350586 118.41713  122.49751 124.397125 124.6513   115.87679  110.82479  105.11022  107.62274 103.492226 105.097855  91.111336  84.949455  79.43555   81.56862  80.43431   81.65659   79.705284  76.50534   73.39504   68.206314  75.60137   74.21596   71.918945  55.677876  47.94414   39.105362  41.043247  40.987095  46.88118   52.270065  48.398033  42.989716  43.864372  47.08008   44.168163  44.222115  38.72074   32.077114  29.897144  28.556154  28.528013  28.361092  30.468552  34.222794  34.074913  37.745342  35.631203  41.882492  42.024857  38.07146  43.776783  40.380417  45.897705  48.145626  53.993114  58.079704  59.814     61.94311   68.024506  73.19979   77.36009   86.12621  87.97207   90.28036   90.27609   93.52212   95.81504  102.19008 110.11063  114.57255  116.09874  124.878426 134.6289   141.80923 151.63983  160.01628  161.35518  163.77602  165.27199  167.42201 170.28598  174.17923  178.19101  186.56677  187.76189  200.49272 ,812.3690262,28.5020881,0.9833021206953444,weighted3,13,0.4583687440114498,0.9608981360815168
75,247.48207  244.55797  248.61205  231.24303  220.16963  213.99731 198.94954  202.70796  203.81667  200.68906  200.21652  202.44856 192.93439  183.90843  176.58127  175.3955   174.66658  170.8913 153.73834  134.92468  143.86662  148.32213  148.17189  146.8128 132.89056  137.59004  132.54997  122.492584 121.051384 115.96708 111.33346   91.4082    78.766594  72.616905  79.23154   79.78555  83.17461   87.22037   81.27711   77.01315   71.4606    73.68082  66.657196  62.321747  50.001957  46.694397  39.906174  43.29713  42.804157  45.63409   41.408184  38.6363    37.376564  35.329815  43.26345   39.83999   40.46685   27.820333  23.357994  13.266362  16.946484  20.099277  26.062761  30.273188  28.542915  24.537546  29.603329  36.576298  33.976536  40.625546  37.5117    32.996185  34.144096  34.408974  39.080654  39.81303   45.23856   54.632877  57.02467   67.66289   67.43438   77.54269   84.57306   87.0196  94.76821   96.48917  100.36997  104.26274  111.22008  120.18523 121.862045 126.329544 130.72678  138.73169  143.33298  154.1337 159.10757  160.72119  159.39725  159.21698  159.15599  163.60678 173.32353  181.07306  181.89403  187.30656  193.22372  196.37311 205.26477  214.31863  210.92354  210.34474  207.02948  212.59874 214.89941  215.0066   214.94759  218.35591  215.63231  225.26534 ,1146.462323,33.85944954,0.9774941108381938,weighted3,13,0.4643246504756179,0.948190901176854
76,188.74881  186.24132  189.84923  177.4882   165.80672  155.45222 142.10995  144.1686   147.47398  143.36385  142.72697  145.14127 136.44234  125.32431  119.74939  121.12133  120.775696 115.866066 102.11157   90.512314  95.955666  99.33764   95.793045  95.51938  90.22561   91.21417   93.855995  84.9553    85.715515  81.00415  73.35166   55.428097  45.436344  38.661907  42.358154  39.786823  44.604168  54.50207   48.474007  45.28052   41.536385  41.65733  33.816376  26.080332  16.917166  16.138327  11.104194  13.446534  14.137699  18.95854   13.416266  13.72697   13.021895  13.641074  18.81724   17.177483  22.249739  16.805809  16.875292  11.379523  17.405407  23.211018  28.955349  30.889067  31.873255  31.037252  39.45322   48.02213   51.366154  64.374115  65.33771   62.361473  66.98957   70.30813   77.36666   79.53212   88.7843   101.79522 107.45925  121.86832  124.30035  137.86462  147.70691  156.0348 162.38263  167.58073  167.51117  168.93158  177.10356  191.75267 192.13318  196.7308   196.08496  203.84076  204.53587  214.11385 218.69376  214.95154  211.20576  208.88577  207.64801  208.60309 215.49625  220.38103  218.16777  217.18304  216.85417  213.49586 217.82936  222.5422   213.22551  207.51726  201.92108  210.31354 210.29033  203.6296   197.60426  195.17944  188.78119  191.08696 ,1420.938968,37.69534411,0.977798243255344,weighted3,13,0.4618664700612873,0.9609576378877481
77, 1.12499153e+02  1.08261559e+02  1.11130791e+02  1.00600952e+02  8.84703751e+01  7.47787628e+01  6.39367027e+01  6.64787216e+01  7.11084671e+01  6.68197021e+01  6.90702667e+01  7.16702957e+01  6.23982430e+01  5.56021194e+01  5.32361794e+01  5.35380516e+01  5.51052170e+01  4.96074829e+01  3.71102562e+01  3.06612415e+01  3.04622879e+01  3.19696712e+01  2.82831020e+01  2.95315685e+01  2.62661819e+01  2.53168106e+01  3.34849815e+01  2.77291565e+01  2.44969158e+01  1.74904919e+01  1.48688936e+01  4.11601591e+00  2.34668684e+00 -6.31215000e+00 -4.08879709e+00 -5.10399342e+00 -1.67541131e-01  1.08245964e+01  4.71816587e+00  4.37712240e+00  6.11962748e+00  5.95644951e+00  4.41193390e+00  6.92242193e+00  3.71651506e+00  8.90816307e+00  1.38919544e+01  1.65200157e+01  2.10539875e+01  2.98428230e+01  2.72478600e+01  3.43666382e+01  3.88303452e+01  4.36535683e+01  5.22740479e+01  6.37430077e+01  7.55348511e+01  8.36563110e+01  9.06524658e+01  9.65165100e+01  1.01173187e+02  1.05076767e+02  1.10017593e+02  1.21981743e+02  1.27259483e+02  1.30613358e+02  1.34758957e+02  1.46567383e+02  1.59181549e+02  1.69745316e+02  1.77345856e+02  1.70682617e+02  1.75922974e+02  1.80865112e+02  1.83370972e+02  1.82662033e+02  1.99729874e+02  2.13247314e+02  2.16526489e+02  2.20090103e+02  2.19374954e+02  2.26196762e+02  2.24977875e+02  2.35428772e+02  2.36944519e+02  2.36033234e+02  2.31262619e+02  2.30536346e+02  2.39776062e+02  2.51240753e+02  2.44127762e+02  2.42950562e+02  2.29951797e+02  2.31784286e+02  2.26422424e+02  2.34465561e+02  2.26817612e+02  2.09639328e+02  2.00858612e+02  2.03389160e+02  2.05994797e+02  2.02547668e+02  1.93602356e+02  1.92044495e+02  1.82083008e+02  1.79080643e+02  1.73380463e+02  1.70173248e+02  1.67950317e+02  1.61993134e+02  1.48844727e+02  1.39035660e+02  1.36026352e+02  1.39060623e+02  1.35760513e+02  1.27713303e+02  1.13550797e+02  1.06274315e+02  1.02801857e+02  1.02900513e+02,1797.981332,42.40260997,0.9818471921518716,weighted3,13,0.4623662261323855,0.9494128622571547
78, 84.5215     78.179695   78.567245   66.8945     52.463467   45.074776  38.95341    40.93274    41.895485   34.130596   36.41704    39.224407  28.763615   24.476646   23.726404   17.570187   19.745756   15.298904   9.775427    6.5698195   6.1680903   8.50296     6.733787   10.873413   8.797474    9.84272    14.190179   13.434161    8.417351    3.4895418   9.923039    5.758281    6.601652    5.980521   12.576209   15.784693  23.011517   33.104588   31.65999    33.933884   42.385456   45.660336  51.21205    61.559372   64.29824    67.575645   81.0438     84.314514  87.23586    97.389725  103.24586   110.60935   116.44085   121.35455 130.22003   142.43408   146.85576   158.84763   160.18059   165.47383 170.12263   167.92546   171.04585   184.13809   188.2117    194.19429 190.30586   197.38632   203.74313   207.1678    213.53487   201.00192 198.45325   202.44989   208.27257   203.96683   209.49844   220.49294 219.28795   214.31511   213.1983    215.68843   214.07219   214.15353 210.62134   202.53265   196.82619   200.46284   205.09718   206.26198 199.44261   198.27255   182.73962   180.23961   179.52129   186.54218 173.74982   155.79616   146.7016    148.66528   151.12544   143.23387 138.1759    135.99712   126.56691   125.71979   121.381165  120.611046 113.98366   107.423325  101.410095   94.629395   93.6428     91.41608  88.70231    90.01487    79.46888    74.517715   73.764984   77.46053  ,1154.68147,33.98060432,0.988775889243542,weighted3,13,0.470298136048193,0.9543165234080229
79, 57.81749   51.44866   50.339844  40.972214  29.181515  26.659613  25.814528  28.256258  29.731365  21.881023  24.177164  26.241829  19.379206  18.27825   19.492167  12.445997  16.993563  15.729686  16.530043  17.33247   20.171852  24.211718  24.944023  30.960512  31.15431   34.823887  38.744404  40.838272  39.556744  39.788937  51.641033  50.557823  51.502026  55.98842   64.76033   69.61544  78.468285  89.91757   89.358055  94.65809  103.91104  109.557396 116.706696 128.39609  132.18126  132.05978  143.92436  145.90768 146.33705  155.20952  164.79878  168.60991  172.55997  174.25188 179.80095  185.8597   184.89226  194.03465  188.68248  189.35413 194.11105  190.19778  191.01869  197.01883  199.12605  202.89845 196.14833  197.51355  198.7798   199.13936  200.78688  186.25931 178.21405  180.15575  188.82439  184.44383  179.39796  186.60216 182.77747  176.1205   176.6882   179.68558  181.07068  173.022 166.5004   157.72853  153.0221   156.87529  157.94011  155.1854 150.69116  149.65533  137.60233  134.6602   137.76451  141.27367 129.19872  114.4468   107.53046  106.856735 106.47375   99.0329 101.82211   97.11242   90.28387   89.942795  87.2274    84.8959  76.12641   70.405754  69.48245   64.30745   63.380768  59.827553  59.15266   62.948795  56.069515  53.465466  52.83307   56.795918,669.3994567,25.8727551,0.9930574037296068,weighted3,13,0.4858138815926293,0.9547614073642448
80, 23.58628    18.990349   18.333748   12.967329    7.2901583   6.6005135  10.155904   13.397949   17.91699    13.369329   16.45137    17.626179  17.053623   20.143745   23.53916    20.396502   27.878925   30.22701  34.932335   40.21531    46.818287   52.404507   55.27309    61.829014  63.59758    70.09504    76.82825    79.89988    83.91949    90.08675 103.98751   104.743195  105.253784  111.01365   119.394066  124.36733 132.9801    146.06412   143.81343   152.1962    158.09793   164.90675 170.45135   180.93617   183.50275   182.0478    186.39412   186.49362 185.47417   192.14355   201.61343   200.94269   202.21826   200.11667 202.25168   202.15918   200.96101   205.82938   196.72514   193.48245 196.79678   194.40665   192.87244   190.79861   191.78667   190.32391 184.1356    181.97392   182.39772   182.26886   179.06857   165.69403 155.30547   154.59901   163.08597   159.84889   150.76184   153.47249 147.79695   141.95322   143.79369   148.0149    150.10564   138.53069 130.6545    124.70402   121.612366  122.4204    121.41859   118.98522 115.696106  113.07634   105.12257   103.53461   107.84185   106.20142  95.8141     84.09099    79.76442    77.21531    74.05701    70.585434  76.77824    67.80763    62.908733   62.293446   60.040543   54.42889  45.588432   39.18352    39.78881    34.272102   32.327175   28.95975  30.635063   31.06737    25.009237   22.851894   22.008106   24.066906 ,775.4615221,27.84710976,0.9942673469329346,weighted3,13,0.4761074533883305,0.9409136871218743
81, 35.18039   36.20127   42.62724   47.939774  54.12447   53.17945  57.802544  60.04206   62.868332  63.604053  66.97639   71.91483  78.21268   85.298225  85.56468   90.193695  92.645645  96.48368 103.50426  109.985466 113.88158  116.10371  117.35727  117.18208 121.8054   122.405266 131.55109  131.12912  135.50037  140.53813 146.80345  146.42146  142.13136  141.42894  145.17189  148.69041 152.28119  160.38635  153.97647  156.34941  153.9445   154.7526 155.96677  156.33443  155.55814  152.04227  146.9311   143.88869 141.91832  146.18214  148.2228   145.5365   139.17653  132.89722 130.36697  131.06693  134.81009  130.1805   122.146416 121.401665 121.00906  123.16335  122.56883  114.10713  113.88043  107.59041 108.33713  107.47177  112.70679  116.09856  109.89525  103.906456  98.249245  95.61456   97.89791   97.62512   97.457855  93.09621  90.69617   90.82605   93.44041   97.432686  94.863014  87.537926  81.442406  79.90279   79.37967   74.20226   71.529495  76.400475  76.107925  73.50214   69.83535   69.12465   68.40554   62.72275  57.39135   52.38977   50.378086  50.080963  48.903214  51.940758  51.56832   41.776955  41.242764  41.751278  38.10922   30.708212  30.645338  25.236923  24.03097   19.446568  18.754162  20.934526  23.933022  15.917569  11.532223   9.774574  11.258051  11.410804,256.8843654,16.02761259,0.992526727854431,weighted3,13,0.4856557849915806,0.9415959612207119
82, 96.69521   98.4328   107.771996 117.93916  127.4558   129.10977 132.47072  135.14336  132.86339  132.51215  135.24817  143.53195 148.75412  156.90797  152.14943  154.7824   151.35992  154.58983 161.85088  162.4968   161.61858  159.63603  160.44896  154.71869 159.29338  151.95134  156.58531  153.51367  152.47624  150.09988 153.21577  150.04706  142.85217  137.16641  139.87976  144.16127 145.48834  146.63438  137.93083  132.16566  128.51558  124.076164 126.24429  122.712654 119.42064  110.92357  109.17375  104.60827 101.707054 105.46116  104.44056  104.18761   93.58129   85.3279  81.06839   86.982445  88.89361   77.57347   69.1279    72.39819  71.75226   73.07958   75.47733   68.44532   66.308495  62.223396  64.62108   63.907738  69.65212   72.361496  66.34017   62.035496  58.8475    56.646023  54.761913  56.02768   59.012978  51.449623  52.47168   53.337097  55.656628  57.720135  51.739017  44.39035  39.371826  34.814186  35.790524  29.624594  26.360924  32.83805  35.675163  35.54544   34.220825  31.08488   27.124153  23.805843  21.085224  20.285782  18.405043  22.064426  25.146948  28.404781  25.262613  18.732939  21.553545  25.003351  23.046114  20.165422  26.119717  24.496534  25.475643  24.990732  29.22229   34.2266  36.222862  30.015041  31.170568  34.149197  38.601105  41.89983 ,395.7396947,19.89320725,0.9902571244864202,weighted3,13,0.4951927539719551,0.9322799122589923
83,143.5529   143.20067  151.03719  157.6624   160.75679  165.10204 165.50201  167.45355  160.40526  155.88692  156.35915  164.68507 163.9062   166.41235  157.8225   155.21344  149.04834  149.12039 155.30261  151.01898  148.7345   145.38489  145.12022  138.51799 141.97752  132.49953  131.08368  126.954414 121.83768  116.17542 117.35357  112.46051  103.99734   99.699646 103.69001  108.59809 110.339615 108.58858  101.88128   92.897     91.75313   86.76413  90.017204  85.632126  82.90941   72.52924   75.47849   72.238525  68.87008   72.19362   72.64808   73.26563   63.125698  56.44256  52.780266  59.205235  56.6275    44.761864  36.051525  38.08426  39.282597  38.42599   42.53301   38.252876  34.266006  34.314144  35.964203  34.32908   35.82257   38.73328   34.75346   31.174372  27.749165  26.988428  27.856636  28.540827  27.709242  23.00794  26.051348  28.86523   31.618988  35.144123  34.590065  28.08771  25.781319  19.704355  21.139622  19.386438  15.96922   20.260265  25.841152  30.22285   30.775467  27.599648  26.893047  28.227386  29.960081  33.89099   31.668182  34.168453  37.73166   37.848843  39.87783   39.842392  44.689964  48.578514  49.216454  51.207073  58.68871   63.910423  67.16923   70.19694   74.56206   80.692055  81.71739   81.56106   86.697495  92.28764   95.18726  101.170044,779.4056223,27.91783699,0.9894839615653944,weighted3,13,0.5009781033831537,0.8545350395148115
84,164.33672  161.1176   165.38686  161.62895  156.16324  160.55482 156.08386  158.93513  152.91743  147.62035  146.88715  150.90144 144.81096  140.83575  130.95314  126.507805 124.024765 121.27951 120.429306 111.30161  112.4137   111.16462  111.69083  107.11468 103.59514  100.19914   95.09374   89.094284  82.90722   79.23536  79.12126   72.894554  65.386246  62.01602   66.15076   71.28928  72.39355   70.9328    65.06387   58.65631   57.201653  55.81596  56.732704  55.713444  52.005524  45.818596  45.901936  45.804012  44.172333  45.211613  47.276585  45.526566  39.401814  35.667213  35.986183  39.47942   36.999397  27.680481  21.986515  19.240627  20.59791   19.329372  23.537643  24.038948  19.027098  18.916534  19.652182  18.242247  17.60594   21.018658  19.393661  18.1975  14.636699  14.379487  17.12468   15.835985  13.580553  14.017627  16.320465  20.877968  22.237764  28.781094  33.326023  31.899515  35.06795   31.283264  33.83422   36.00288   35.335915  36.998646  41.801662  47.38911   50.106266  50.757225  55.366707  59.83132  65.44511   72.65922   70.90397   70.73743   72.54343   73.20586  79.06552   83.346466  86.98879   89.972725  94.511154 100.96546 108.58609  119.15813  121.34709  125.08265  125.608574 130.26532 131.34674  134.46912  138.58301  143.8155   142.88329  149.77373 ,790.6294433,28.11813371,0.9829346343272783,weighted3,13,0.4980524887583165,0.8377898533544944
85,151.22652   145.05588   144.78957   137.47153   126.74372   130.50298 124.62431   129.28471   127.44327   120.41024   119.12773   119.23209 110.721466  102.7727     93.277756   87.960236   90.48538    86.96904  83.29626    73.71723    74.61788    74.67674    75.73341    73.385475  69.96383    68.01119    64.858086   58.1582     52.923885   49.59915  49.26004    42.60392    38.051517   33.414623   35.521286   39.3025  41.001083   44.30793    36.767406   31.979424   31.6085     31.307974  29.83282    30.184992   25.605318   21.750023   21.503067   22.070183  21.805079   21.801243   24.586102   23.52107    19.134594   17.862686  17.824314   19.45835    17.580545   12.784691   10.368057    7.44278  11.692673   10.7233925  15.6570635  17.25258    12.213811   14.3602495  15.75523    13.412023   15.22651    21.554895   23.40457    23.521193  21.503939   24.42411    29.254694   28.135073   24.9494     30.721409  35.125126   42.487713   44.940872   56.830883   65.751465   69.23011  74.650795   73.646835   74.54138    76.70983    79.8572     83.50746  87.646866   93.90261    96.19222    99.01033   103.96972   109.71098 117.29721   122.78546   120.604614  117.771614  118.12202   117.10694 125.80569   129.4559    130.2616    128.54489   133.62776   138.92815 143.1371    154.25536   153.0396    154.23465   152.70758   157.81857 157.09184   159.06454   160.57649   164.14767   158.31253   160.91324  ,1250.539338,35.36296562,0.9625145129151768,weighted3,13,0.4987019556302588,0.8532969700251055
86,133.16827   127.661995  127.87262   120.96959   108.77786   105.2325  97.7883    101.344215  102.526276   95.98359    95.072845   95.54756  86.795845   76.79609    69.58906    67.09103    69.371124   64.543755  58.527554   51.116234   52.912075   53.10262    51.56188    50.646523  50.054512   47.363678   49.754955   42.945408   40.715225   37.314877  33.676987   23.975536   20.040264   13.973262   15.632696   15.945032  20.05984    27.955647   20.309896   17.724268   17.51056    16.50024  13.602639   11.261931    6.4435997   4.900058    4.7880993   5.3643274   6.5537267   9.084231    8.476176    9.5087      8.159674    8.6717825   9.725505   11.942541   15.123766   14.001248   15.022911   13.308421  19.260824   21.997526   26.549345   27.930857   26.570782   29.279186  34.15037    36.08669    41.472397   52.872776   56.773216   56.219738  57.95123    61.83893    68.02631    69.06772    71.741295   81.87724  87.69656    97.90758   101.180214  114.766594  125.61706   133.58385 138.68869   140.78075   139.67603   140.07959   145.64925   154.92967 156.403     161.72864   160.82465   164.74275   166.51526   173.3592 179.79034   179.04659   174.51163   171.24529   170.21858   167.97392 174.5411    176.9228    174.71182   170.09789   170.4538    171.09352 172.2092    179.44957   172.78397   169.35843   165.48177   172.48029 170.63765   166.6365    162.21475   161.32779   153.22383   152.72598  ,1190.23258,34.49974753,0.9582296071423032,weighted3,13,0.5041459450673621,0.8909120766223086
87,120.33651    112.331795   110.28138     99.12614     84.6722  79.82043     70.75824     76.517105    80.80001     73.40533  74.46119     73.52106     62.533382    54.732643    49.274628  44.736828    50.478554    45.930416    35.67216     26.701536  23.86039     25.024256    24.766035    25.477524    21.543875  19.770937    23.580763    17.360916    11.136598     3.338068   4.119644    -3.3637304   -2.7540472  -11.792639   -11.450079  -9.831585    -6.8130774    2.877504    -5.6324415   -8.369912  -5.244795    -5.2286534   -6.5422626   -0.78789175  -4.538926  -1.7789191    4.4354777    6.5444303   10.274861    15.044686  16.718897    22.933483    24.32997     28.656742    33.68528  43.603012    49.26912     56.53249     62.210133    67.82726  74.05782     73.8837      80.25744     91.96437     92.5327  98.66081     99.90912    104.65218    115.963104   124.05215 132.82597    128.53442    131.2377     138.4894     141.25029 139.25679    147.71313    160.48586    165.45483    168.83864 169.15132    179.59492    181.03645    190.54259    193.96701 191.5883     187.32619    187.65024    197.19041    204.8076 201.27853    202.72147    193.57784    195.0914     192.69507 200.61136    197.37285    186.4568     179.72273    180.38878 183.50975    178.93024    175.77632    174.76834    166.35825 161.48807    161.36124    162.51395    160.47034    160.24739 150.69193    144.36317    143.30272    145.78534    141.4081 138.90079    130.31786    127.58775    121.79699    120.71191   ,1339.662297,36.60139747,0.9649243259989336,weighted3,13,0.5100496288041576,0.9025834195636769
88, 96.78385     91.06234     92.621635    81.31103     67.97596  58.481777    49.74408     52.497635    54.70548     48.910553  51.324375    53.587955    43.225754    37.85645     35.278286  32.070637    34.284637    28.910902    19.360434    13.80059  12.088216    13.270674    10.943603    12.771776     8.915444   8.592964    14.11758     10.321276     4.195812    -2.4735484  -0.64368457  -6.670619    -6.13145    -12.05657     -8.772227  -6.8452344   -2.2884936    6.5895023    2.1101556    2.3068419   7.153285     8.321767    10.63835     18.631836    18.740345  24.079792    33.484695    36.63011     41.085743    49.810265  51.813988    59.379944    64.434746    69.83829     78.99293  93.09115    102.13796    113.11318    119.00986    126.238266 129.92912    130.17862    134.56873    149.38168    153.55579 158.5722     158.16322    167.5007     178.55331    184.8637 193.1268     184.89781    186.57108    191.25699    193.58264 190.189      202.97537    214.6256     215.68507    213.83246 212.0214     215.88797    212.45772    219.40118    219.25183 214.05092    208.9138     210.2233     217.39697    222.66974 215.29662    213.74965    198.98096    198.16785    194.8202 202.16805    191.83846    174.95967    165.92973    169.04062 172.74393    167.39812    157.56584    155.77832    145.65894 143.73091    139.42783    139.46565    135.96266    130.16121 120.37666    112.70032    111.24713    111.00192    107.55982 104.68309     92.235855    86.29779     84.56371     86.469025  ,646.6298912,25.4289184,0.9781885860007254,weighted3,13,0.5232111185255404,0.9558001636729505
89, 66.852615   60.40945    60.066296   49.74042    36.38236    32.397247  29.511435   31.379923   31.484333   23.367765   25.510038   28.100662  19.220655   16.533283   16.518421    9.256721   12.248714    9.176938   7.9604783   7.29258     8.392582   11.280688   10.767253   15.808396  15.124483   17.458544   20.873459   22.012829   18.315344   16.420734  26.076103   24.609858   25.747631   28.688913   36.727337   41.363304  49.37341    59.34428    59.013027   62.97038    72.40218    77.04738  84.35578    96.04301   100.33656   101.83156   115.23833   117.93736 119.48418   128.90614   137.5746    142.94183   147.91454   151.23059 158.3741    167.855     168.9606    179.87791   177.48247   180.38437 184.70949   181.04451   182.67906   192.30177   195.08304   200.19273 194.0808    197.67491   200.72249   201.96437   205.9402    192.4501 186.27774   188.87798   196.36835   191.5241    190.54292   199.02171 196.01134   189.38452   189.02576   191.12697   191.22208   186.53075 181.25339   172.11748   167.00644   171.356     173.26328   171.0167 165.59601   164.7354    150.9166    147.65933   149.68361   154.72066 142.37651   126.88742   118.84844   119.33155   120.33687   112.269 111.33205   108.25824   100.540764  100.19064    96.82       96.105415  88.3574     82.8532     80.32116    75.08532    74.157776   70.833176  69.27081    72.92435    64.75519    61.221428   60.783928   65.105255 ,603.8698968,24.5737644,0.9899300085513386,weighted3,13,0.5443124695500462,0.9688055872208242
90, 30.753769   26.88364    28.497217   22.420609   13.429438    9.671573  11.091836   11.150811   10.933197    5.0097294   7.3422446  11.146901   7.0159473   6.942444    9.237135    4.886944    7.213922    5.929743  10.416332   15.750278   21.035429   24.614595   23.985336   29.89386  32.740997   36.98166    42.585888   45.974995   47.22005    51.487984  62.165752   62.650436   62.458076   69.81693    79.66903    84.191925  93.7519    104.52434   105.82786   113.49514   121.61639   127.40217 135.45891   144.92596   150.8215    150.82533   160.01001   161.38484 161.21597   170.45271   179.48955   181.05444   185.12132   185.459 190.29955   194.76979   195.34866   203.39893   196.59967   195.202 198.00876   195.93803   194.3623    196.10449   199.02063   200.0465 194.19838   195.77919   195.53581   196.81422   196.05923   182.34897 173.16463   172.16107   181.7402    177.8753    172.33821   176.90651 171.31705   165.06178   166.14044   167.59604   170.44987   161.085 153.30325   145.91243   141.99481   145.37099   143.09247   139.9285 135.5929    134.19759   122.90351   119.89656   124.23954   125.30439 114.1786    101.29609    94.451195   92.72627    90.37389    84.11427  87.044914   81.980865   76.84489    77.03622    71.98173    68.09586  59.5576     53.761482   53.547234   48.469387   45.622814   42.649937  43.657684   45.22002    37.478065   33.313496   33.246574   37.41208  ,684.1020832,26.15534521,0.9959021545172756,weighted3,13,0.5380191106250451,0.9629712922091518
91, 34.238033  31.479969  32.81333   30.235653  30.43811   30.741716  34.45199   39.218864  45.361286  44.60369   48.255177  49.07414  52.468002  58.22835   60.29707   61.325577  69.582825  73.78138  77.187454  81.07123   88.46421   93.691154  98.05941  101.8027 101.41318  107.95714  115.136696 115.66678  120.644745 127.659996 139.25331  139.00764  137.79907  139.27661  144.94884  149.80156 155.11098  165.86989  159.72865  166.42276  166.58113  171.88684 173.92332  181.61974  180.25734  178.30223  174.65382  173.4044 172.21672  175.83725  181.90016  178.39203  176.06204  171.08736 171.4256   169.56104  170.67938  169.36536  160.5524   156.4503 157.44963  157.182    155.91191  150.85466  150.2356   144.37689 140.95284  138.11182  140.86006  141.18753  135.59378  126.45755 117.73728  115.53488  119.72194  117.73704  111.94432  110.82559 105.80323  102.38189  103.86539  108.872635 108.21884   98.69879  93.07412   90.00121   89.37882   86.66795   86.06008   86.36541  84.273094  80.66729   77.1502    77.39967   80.37751   76.17802  69.07566   61.917076  59.966145  58.37178   55.684628  57.661404  61.860107  51.514324  48.50222   48.737183  48.388786  43.19081  39.058975  34.04827   34.132183  29.377373  27.878601  26.125168  29.02956   25.596443  20.795338  20.076519  19.829283  21.147436,1265.003515,35.56688791,0.9940864261314336,weighted3,13,0.5492565022930121,0.9713902475493931
92, 46.770912  43.749077  45.748558  48.364048  52.45605   57.274788  61.238667  68.066315  72.68844   72.218834  75.74559   76.4856  80.58508   87.72738   85.096794  86.3966    94.20627   98.59419 102.68615  104.10596  104.53339  106.19529  111.38206  110.05471 110.093735 110.48     116.48846  114.042206 113.67605  115.84163 124.80199  126.74987  126.39782  120.92071  121.153076 127.15677 127.18665  133.23346  122.273384 122.204155 119.78772  120.42138 121.12712  127.48173  124.54465  121.86064  117.45399  114.55702 114.021515 114.56938  118.91995  117.00922  109.46921  103.983955 100.9485   104.5279   106.977165 103.54059   98.57903  100.830215 100.66278   99.63072  101.21249   98.10812   94.65862   90.54181  88.81095   84.20597   92.97022   93.650925  90.88782   87.664444  82.14084   82.14737   80.3728    78.34958   77.17491   72.915634  71.89008   69.65455   70.848595  76.5472    70.853065  66.62301  63.61209   60.174942  59.923637  54.105957  54.58785   56.812206  56.774677  54.00183   51.601418  50.57717   49.714783  44.49724  40.41677   37.655746  36.599445  37.504593  39.01303   42.460896  40.22269   29.612371  27.577063  26.647642  28.310709  26.661472  27.474808  24.840334  24.032074  21.307644  23.297712  23.578142  24.614033  19.936255  17.690134  19.216038  19.5182    18.548445,3808.139228,61.71012257,0.9876669110866182,weighted3,13,0.5598386938823054,0.9316882369745962
93,164.33702   163.59962   170.88591   176.34857   181.87863   185.61441 185.5166    190.15193   186.72148   183.65977   185.47969   193.04556 193.9025    199.79399   192.46806   190.3764    186.52809   189.06769 191.91072   184.32947   183.74498   181.80144   184.15546   177.80305 177.64679   169.67146   168.36714   163.45956   159.56767   152.6915 156.41536   148.57181   139.90218   132.78432   137.12886   142.16125 143.97327   142.86691   133.39294   124.495186  121.798965  117.36762 119.57623   116.945     110.12084    98.39863    99.85594    96.12628  92.644424   95.76553    94.91935    95.51819    85.06736    76.5579  73.731445   79.25602    76.44948    61.35666    51.106155   52.638653  54.056015   53.232204   57.899235   54.084713   50.175354   48.23811  49.46658    47.98911    50.153812   50.87723    44.952343   38.926502  35.602345   34.47933    32.812057   34.42443    34.573643   29.033436  31.265358   32.21864    33.968746   36.908096   32.54454    23.42414  20.503527   13.525182   15.827934   12.1058445  10.756533   16.036978  20.621027   22.83243    24.564848   21.725855   19.187723   20.514631  19.756063   21.04223    19.633652   24.31799    28.697567   31.106726  32.792206   30.20401    34.2063     39.953808   42.39141    44.064114  51.765717   54.648617   58.21734    60.69327    67.19809    72.195625  73.601326   72.96218    78.66969    86.326294   90.80215    98.0493   ,1289.23566,35.90592792,0.9780617330626158,weighted3,13,0.563832902639435,0.952462727338933
94,252.958    248.73611  252.33968  239.17796  232.5674   234.29279 223.6657   230.0438   228.1468   224.48936  224.86905  227.58208 219.75119  216.8783   207.6299   202.44722  201.8689   200.7258 188.3429   167.84515  174.46652  176.73228  180.65881  176.85654 161.71736  163.70508  154.11005  145.09013  139.6074   132.74414 134.31778  118.65339  107.79398  100.90638  107.94656  112.96587 114.56449  112.50516  104.43321   97.642654  93.22015   94.40033  92.24288   93.375435  81.28149   73.58004   70.74154   72.339455  70.64945   71.602455  70.827576  68.118416  63.82035   58.42983  64.2509    64.54633   60.47168   44.056408  35.73605   28.124622  29.973152  28.709352  34.722874  39.61054   34.673195  31.060131  31.275532  32.834965  28.998615  28.687025  23.718353  17.990559  15.001916  13.702351  13.972071  13.534856  13.451519  15.774825  16.320204  19.612686  18.058195  23.699465  24.777235  20.07836  25.428308  20.52637   26.025484  28.989552  32.876827  35.303333  38.669437  42.433853  48.8254    52.35239   57.122353  65.877464  69.2526    74.2423    74.02602   77.1519    80.039474  84.881935  93.276215  99.05153  102.14216  110.86367  120.68255  129.6762 140.1354   150.74644  153.94348  158.35173  160.79143  163.50246 165.97458  171.81976  177.99144  187.50327  188.96858  202.12505 ,596.2092167,24.41739578,0.9629914273639548,weighted3,13,0.5595843043815688,0.9609485037494446
95,220.60806  217.21599  220.27141  205.51393  194.19365  188.82268 175.50748  179.0287   180.366    176.1317   175.35643  177.2089 167.97588  158.36964  151.07898  149.75578  149.761    145.85289 131.63745  115.918015 122.52755  126.26555  125.451675 124.29497 114.26884  117.02858  114.074875 104.76978  103.35947   98.46527  93.743996  76.201645  65.23187   59.2544    64.37462   64.57401  68.03148   73.77974   67.6042    63.202087  58.94891   60.292557  53.552628  48.7323    38.242714  35.263355  29.855448  32.577953  32.218853  35.042515  31.674868  29.932135  27.943714  26.729647  32.47667   29.771248  30.587984  20.794586  17.531466   9.544549  14.226487  17.242447  23.242928  26.23342   24.458462  22.395767  27.796175  33.53127   32.868553  41.130905  39.75197   36.308067  37.83038   39.634525  45.303913  46.089203  50.695053  60.68337  64.50663   76.07772   77.16895   88.926735  97.30297  101.275154 108.38893  110.736824 113.08307  116.270645 123.11365  132.91335 134.987    140.05199  143.0105   150.36212  154.136    163.96219 169.4319   170.4765   168.63258  167.23781  166.9287   169.55049 179.09839  185.64272  185.82619  188.41156  192.85333  194.38002 201.46368  209.88042  205.38445  203.77603  200.17625  206.56784 207.7916   206.69025  205.71872  207.81061  203.51015  210.03192 ,780.9324568,27.94516876,0.9631535927453474,weighted3,13,0.5547641747728775,0.9344311327353749
96,188.74652   183.10396   182.2768    168.5715    153.81523   146.04495 132.70532   137.20166   143.33652   136.09511   135.09868   134.90945 124.296646  111.870476  106.04649   104.39368   108.00576   103.797165  89.653564   76.872665   78.91014    83.08915    80.89774    81.875435  77.70721    77.5527     80.51738    71.56095    71.24863    63.833527  58.529526   41.089336   33.603775   25.335075   27.234547   24.668364  29.585089   43.028336   35.13877    30.388702   29.189032   29.294218  20.54563    14.693135    4.8130913   3.4917605   1.7847109   4.0307984   4.838064    9.133378    5.656055    8.34844     6.667981    8.8660555  12.200649   10.50091    12.744279   10.425797   11.390777    8.260931  17.748615   21.330635   29.150278   32.53489    32.371002   35.585247  42.941204   49.08093    54.311775   67.48376    71.31991    67.61696  72.641      80.21434    88.5389     90.37157    96.77185   113.02308 121.33312   136.4139    140.10432   157.57309   168.51624   177.75316 184.2478    188.94537   186.76666   188.25139   199.49472   214.997 216.04178   221.64255   219.76823   227.44574   227.10191   237.84332 242.0456    236.05183   232.33453   229.00201   228.54652   226.6752 236.03905   239.63715   235.44606   231.24417   232.37819   228.07463 229.6406    233.8225    223.57086   216.70067   212.47188   220.82819 218.57875   213.5116    208.12047   206.43205   197.60448   196.7149   ,358.6738599,18.93868686,0.9674985814780764,weighted3,13,0.5585126699120526,0.9749718179360979
97, 1.47342972e+02  1.40327911e+02  1.39129333e+02  1.25541626e+02  1.10310417e+02  9.96562195e+01  8.67062302e+01  9.21144104e+01  9.95609512e+01  9.26298141e+01  9.38573761e+01  9.35624313e+01  8.19937668e+01  7.25062103e+01  6.84093475e+01  6.62014008e+01  7.12873535e+01  6.64373169e+01  5.09392700e+01  3.98348351e+01  3.76300354e+01  4.04307671e+01  3.83826447e+01  3.98941574e+01  3.52455711e+01  3.38370323e+01  4.01701164e+01  3.24492264e+01  2.84191647e+01  1.82206898e+01  1.58074617e+01  2.41575789e+00  5.97447872e-01 -1.06699181e+01 -1.03227072e+01 -1.18079519e+01 -7.59717751e+00  5.88101339e+00 -2.87241936e+00 -6.36855793e+00 -4.49400425e+00 -4.82514620e+00 -9.82649326e+00 -8.11784077e+00 -1.49436932e+01 -1.14694376e+01 -6.61947203e+00 -3.85908675e+00  1.76060349e-01  7.02697325e+00  4.77913237e+00  1.25912895e+01  1.47221098e+01  2.01465492e+01  2.68724556e+01  3.53906174e+01  4.32932243e+01  5.01491013e+01  5.71330566e+01  6.25705147e+01  7.07806396e+01  7.31830292e+01  8.10684738e+01  9.33629837e+01  9.62444992e+01  1.02228584e+02  1.06906502e+02  1.16275620e+02  1.29020172e+02  1.40346512e+02  1.49398926e+02  1.43525833e+02  1.49966019e+02  1.58899384e+02  1.62644257e+02  1.62367477e+02  1.76467850e+02  1.93429123e+02  2.00311874e+02  2.07692429e+02  2.08403381e+02  2.20874603e+02  2.22556427e+02  2.34646210e+02  2.38720383e+02  2.39087982e+02  2.33893234e+02  2.33648529e+02  2.46732666e+02  2.60497528e+02  2.55765244e+02  2.56925903e+02  2.46350693e+02  2.50197159e+02  2.44903076e+02  2.55248138e+02  2.50650665e+02  2.34937164e+02  2.27666443e+02  2.28701553e+02  2.31795181e+02  2.27570892e+02  2.24119110e+02  2.23542511e+02  2.13434357e+02  2.08301468e+02  2.06297455e+02  2.03086945e+02  2.01078003e+02  1.97792587e+02  1.84140396e+02  1.74400360e+02  1.72365814e+02  1.76835434e+02  1.72068054e+02  1.65864288e+02  1.54492325e+02  1.49628052e+02  1.43180573e+02  1.41202591e+02,933.4592018,30.55256457,0.9794089561813838,weighted3,13,0.5600585097737302,0.9440780266055278
98,101.34348    94.28718    93.97136    80.9602     66.01873    57.84004  49.246433   52.786755   55.798298   48.34792    50.736115   52.300903  40.94297    35.63182    33.67022    28.287611   31.880594   27.151281  17.642815   11.400713    9.104743   11.343171    9.858968   12.991759   8.932181    9.207201   13.965467   10.947294    4.5904975  -2.9929907   1.4228946  -4.5389795  -3.3809571  -8.29482    -4.2363033  -1.8076559   3.6034136  14.032847    9.970708   10.106181   16.94301    19.094488  21.955744   31.74828    31.940973   36.481655   48.468708   51.935886  55.947193   65.17369    69.06151    77.541214   82.69795    88.58052  97.75729   111.29003   117.68134   129.79132   134.3572    141.65761 146.84569   145.30641   150.29291   165.96802   169.80809   176.40633 174.24786   182.54709   192.47064   197.3278    205.80756   195.2656 195.72649   201.71843   205.3788    201.37398   211.28618   224.08641 225.08745   222.05994   220.50113   224.88622   221.60553   226.2486 225.10236   218.41084   212.46606   214.8576    222.70302   226.83951 219.59644   218.26277   202.64044   201.37947   198.43953   206.55664 194.51752   175.91183   166.94469   169.80733   173.7377    166.806 159.13545   156.97827   146.18985   144.19962   140.79411   140.42114 135.23033   128.63226   119.81909   112.0362    111.49276   110.20503 106.31706   105.8555     94.355354   89.243004   87.50319    89.596085 ,790.6533741,28.11855925,0.9918791711202252,weighted3,13,0.5722053052130915,0.9332526659312387
99, 43.150635    39.85405     43.341667    35.755978    23.322742  16.950903    16.518295    13.505199     8.7950325    1.0711353   2.7027       9.216357     1.6102555   -1.0855589    0.80830395  -5.520202    -8.120374   -12.37779     -7.845243    -2.68999   2.1091287    4.5322924    0.8815896    6.93525     10.552207  13.428978    17.31003     21.63696     20.787058    23.36437  32.343174    32.081657    30.716797    40.93696     53.451168  57.770935    69.11891     78.223465    83.72694     91.09042 102.10134    107.69886    118.6229     127.53865    136.58528 137.07362    151.7521     154.50694    154.5401     166.7591 176.15309    179.74635    186.62035    188.97064    196.64734 204.3724     204.97234    215.55267    209.1745     208.49332 211.29059    208.85019    207.1298     212.10486    216.85608 220.26038    213.84122    218.68056    216.01645    217.59537 218.17816    202.37015    193.21748    191.76747    203.4255 198.84293    194.73718    201.12444    194.95798    187.62254 188.0842     186.58182    190.49542    180.79387    172.20183 162.63005    157.94666    164.55806    160.73131    156.05513 150.91525    150.75467    136.35085    131.83594    136.90187 140.85378    128.07425    113.50213    104.451355   103.37881 101.513016    92.17788     93.86973     92.59519     87.489365  89.28557     81.90509     79.22628     70.37551     64.80105  64.96063     60.51685     57.112373    53.95853     54.699932  58.709724    50.19644     44.73249     45.93441     53.106968  ,601.9200107,24.53405818,0.997126227615829,weighted3,13,0.5895502856228733,0.9479303464161418
100, 35.764194  31.230314  30.053524  24.63853   20.987059  22.099146  26.198637  30.889475  37.0737    33.453197  36.679054  36.965527  38.185627  42.765408  46.230957  43.679302  52.844753  57.063747  61.39858   65.36253   73.66174   80.35122   85.06401   91.50702  91.744225  99.64779  105.62196  108.10996  113.69342  120.809616 135.8364   135.45898  134.91986  140.12721  148.47752  153.72809 161.87936  175.11516  171.28908  179.5464   183.55856  190.91664 194.87283  204.84184  204.84085  201.63998  202.60652  202.10834 200.1304   205.22893  214.39445  211.7468   211.17915  207.0527 207.974    204.42065  201.4399   202.33798  190.83363  185.13107 188.46828  186.05716  184.58578  179.83472  179.41609  175.86792 169.77821  165.70984  164.82266  163.65326  157.98268  144.76843 133.50662  132.20567  140.25545  137.65227  126.128395 127.33983 121.449585 116.4327   118.617035 124.08643  126.41458  112.74864 105.27122  100.149376  98.41469   98.36921   97.57534   95.41394  93.43633   90.72994   86.08076   85.65415   90.72321   88.149796  79.209694  69.75187   67.25814   64.32168   60.575165  59.31029  68.654976  58.835304  55.25888   55.445545  55.43129   49.58428  41.894825  36.544872  38.564022  33.795998  32.35804   29.162344  31.81289   32.345177  28.484255  28.369995  27.555555  29.911764,617.2349471,24.84421355,0.9950261081087212,weighted3,13,0.5791833969651111,0.9584914249218602
101, 42.85796   39.637962  40.423973  40.96547   44.825974  47.900272  52.12632   59.55202   67.573326  67.32772   71.47823   71.470146  76.62421   84.80019   85.137146  86.841644  96.904686 102.92453 106.00045  108.05674  111.39107  115.66218  121.738914 123.07836 122.633194 126.13657  133.81963  132.48856  135.62819  139.40025 150.95024  151.09512  150.57272  146.71393  148.68942  153.92671 156.1959   166.1687   155.62573  158.28764  156.4279   159.2422 159.24545  166.40465  162.29216  159.23279  154.16544  151.45575 150.36154  152.01671  156.76286  154.36943  148.00328  142.0513 139.67093  139.66197  141.03903  137.65898  130.30966  130.0708 131.2671   130.49368  131.41428  126.61923  124.227715 118.9153 116.55737  112.12749  119.34496  119.45243  114.803246 108.05977 101.37477  101.28812  101.53198  100.03458   96.70542   93.820984  91.47412   88.82504   90.44919   96.94913   92.078926  84.58735  79.85895   76.87963   76.19731   70.354996  71.78267   74.62597  73.61889   69.623795  66.95506   66.88769   66.34327   60.982674  54.428543  48.048115  47.275024  47.39943   47.310688  50.82669  51.88106   39.275723  36.133026  35.376656  36.74941   31.790958  29.886269  24.380695  23.519459  18.853548  20.269165  19.578005  21.292017  16.200655  12.963332  14.039024  14.13393   13.085197,1742.910384,41.74817821,0.9910795022448832,weighted3,13,0.5883755917188653,0.9035003738816302
102,118.67479  116.06906  119.7286   126.37264  133.11557  139.5228 142.42674  149.90524  151.54228  148.67224  151.45258  155.60843 158.88214  167.09964  161.44316  159.92389  162.56367  167.66153 172.14127  167.74176  165.16281  164.55632  169.49414  164.69926 166.0369   159.30229  161.61702  157.51854  154.81924  149.53447 157.11093  153.37086  148.89868  140.23392  141.44328  147.04834 147.66856  150.59988  138.0405   130.67154  128.35474  124.78977 125.85253  126.901634 120.1312   110.015274 110.1057   105.45997 102.61781  104.06886  105.50097  106.31027   94.53332   86.38555  80.950455  85.81417   83.36914   72.065315  63.23399   67.158676  69.45789   67.54157   72.255295  67.66958   62.881813  61.385082  61.308037  56.48051   63.06084   63.27136   58.825787  53.55956  49.654648  50.856293  48.221878  49.034645  47.382195  41.78336  44.430115  44.17587   46.61433   52.260532  45.973724  37.797783  34.019543  27.821743  28.416521  22.081121  22.662693  28.084787  31.83747   32.097084  32.45816   29.639883  25.698862  23.802195  21.315886  20.146568  19.491465  23.149668  27.452486  29.870552  30.559088  22.534962  23.88345   25.844465  28.867798  28.13424  32.55855   32.210804  34.21258   34.32046   41.304367  44.909676  45.198223  42.736923  46.7943    53.560062  56.21561   58.356308,1119.841037,33.46402601,0.9887612641739923,weighted3,13,0.5939818063305248,0.9742766477806425
103,239.68314  238.06865  244.92815  237.17644  236.3568   236.51974 228.3675   233.78603  231.4495   229.90375  231.32242  236.77145 232.86359  234.20006  226.2967   223.75357  220.69719  221.13367 211.79947  194.22092  201.19014  202.5645   205.9926   201.07864 188.53577  188.69081  181.49333  173.39706  169.66193  163.34259 165.03368  149.50519  137.44113  130.3239   137.92897  142.63785 144.66177  141.79826  133.52272  126.77033  121.11417  120.86076 119.807465 118.89587  106.96334   97.63702   94.0733    94.07529  91.61284   93.8315    91.18803   88.48647   82.83333   75.15183  79.85678   81.065125  78.52617   59.557625  49.39617   42.894413  43.338093  43.502056  48.46435   50.149918  46.40088   40.647873  41.829643  44.299366  41.19193   40.575966  33.024326  26.13768  23.129854  19.788836  18.394472  19.285652  21.284454  19.889807  19.49441   21.542452  20.106007  22.937687  20.760948  13.13771  15.628797  10.166605  15.976414  16.42007   18.210997  22.005049  25.047043  27.21108   33.116764  35.114433  37.407166  43.845676  45.05392   48.54865   48.18831   53.062283  56.238136  62.430164  67.93768   71.238464  75.25926   85.55765   92.87732   99.47962 110.53671  117.99195  121.690506 125.63565  129.31026  132.55406 135.98094  138.85648  144.7223   153.95222  158.13237  171.77876 ,489.5851185,22.12657042,0.982875270861187,weighted3,13,0.5906876995667099,0.9681891222441348
104,222.78365  219.26564  222.59486  208.68343  199.40126  196.65259 184.72696  189.16127  189.51256  185.90079  185.64516  187.61507 179.37354  172.40294  164.62129  162.45879  162.63838  159.7943 146.6728   130.17683  136.81752  140.08083  140.97244  138.95538 127.316    130.20749  125.40728  116.371895 113.710106 108.90938 106.48876   90.51331   79.95116   73.83285   79.30603   81.32606  83.814766  86.87735   80.04089   75.2968    70.75882   72.22077  67.06693   64.6539    54.059383  50.033516  44.842308  47.147648  46.47068   48.414295  46.181797  43.751312  40.943813  38.31371  43.97349   42.332237  41.99294   30.395832  25.689726  17.924374  21.154354  22.77561   28.451826  31.918879  29.034918  26.025223  29.527561  33.63459   32.296978  37.554596  34.94831   31.189932  30.963482  31.474564  35.04367   35.135105  38.237095  45.14235  47.50484   55.967274  56.05577   65.55039   71.07558   72.34848  78.81516   78.89938   82.32375   85.209175  90.76406   97.70595 100.01538  104.27811  108.253944 114.29989  118.5452   127.29123 131.94385  134.52696  133.33116  133.3418   134.00085  137.69662 146.19965  152.003    153.0712   157.53693  163.6755   167.67804 175.85233  184.77055  182.79112  183.12108  181.30568  186.18288 187.96797  188.86096  189.93217  194.16696  191.83904  200.23796 ,681.4541378,26.10467655,0.9753642091158006,weighted3,13,0.5862599531455233,0.9462447759717442
105,192.71382   187.50151   187.20444   173.74173   159.86086   152.9374 139.96695   144.35544   149.80362   143.08429   142.0142    142.03674 132.02261   120.08728   113.97905   112.51734   115.7302    111.8026  98.16043    85.19238    88.16784    92.34254    90.503235   91.10904  86.35       86.68993    88.72837    79.73154    79.639305   73.05628  67.84954    50.4893     42.284782   34.56805    36.90231    34.76096  39.425827   51.759914   44.01215    39.338326   37.408447   37.7099  29.046095   22.930054   12.823717   10.874178    7.96136    10.0879755  10.463491   14.194296   10.773875   12.315034   10.133687   11.442413  14.592658   11.942788   13.570956    9.489933    9.330631    4.9344335  13.72148    17.277758   24.709362   27.065992   26.335592   28.45916  35.647568   41.159443   45.13883    57.648502   60.258133   56.897118  61.155846   67.72215    75.87144    77.70165    83.02578    97.990326 105.68818   120.68682   124.27717   141.30132   152.45023   160.59659 167.23889   171.92723   170.63736   172.26906   182.5939    197.27779 198.94264   204.68556   204.24295   212.06763   212.67555   222.95218 228.02454   223.91283   220.81308   217.38632   216.63815   215.69067 225.97725   229.96556   226.88078   223.59615   225.45389   221.86407 224.40579   229.69124   220.61998   214.73926   210.49025   218.7944 217.26086   212.72192   208.44763   207.57385   199.21127   199.25627  ,1577.708871,39.72038357,0.9780812001133964,weighted3,13,0.5770674849099705,0.9272056156453143
106, 1.32994110e+02  1.27058189e+02  1.27288063e+02  1.15143379e+02  1.01407112e+02  9.01864624e+01  7.83245316e+01  8.27645645e+01  8.92274323e+01  8.33809967e+01  8.49147263e+01  8.55258026e+01  7.51593933e+01  6.67621231e+01  6.31853943e+01  6.20640793e+01  6.60921249e+01  6.12148476e+01  4.72297821e+01  3.80694962e+01  3.66458549e+01  3.90137711e+01  3.65337334e+01  3.78493462e+01  3.38675804e+01  3.27069130e+01  3.96821518e+01  3.26493988e+01  2.90969028e+01  2.04467621e+01  1.79755554e+01  5.83784962e+00  3.96707082e+00 -6.27551222e+00 -5.44629145e+00 -6.67697954e+00 -2.42236781e+00  1.01116743e+01  2.15853643e+00 -2.23818183e-01  1.31037927e+00  1.04262614e+00 -2.92825556e+00 -1.15204310e+00 -6.71994925e+00 -2.77886963e+00  1.46840739e+00  4.03858328e+00  8.09843159e+00  1.52725611e+01  1.29913378e+01  2.01339054e+01  2.26580276e+01  2.76055584e+01  3.45573311e+01  4.36183395e+01  5.27071152e+01  5.96097298e+01  6.63549576e+01  7.16542969e+01  7.84790878e+01  8.14230881e+01  8.81711884e+01  9.96866989e+01  1.03106728e+02  1.07869431e+02  1.12418007e+02  1.22167870e+02  1.34750381e+02  1.45804153e+02  1.54057022e+02  1.48318253e+02  1.54140961e+02  1.61550034e+02  1.64868774e+02  1.64446274e+02  1.79091263e+02  1.94428543e+02  2.00049850e+02  2.06346588e+02  2.06716156e+02  2.17447617e+02  2.18340546e+02  2.29759109e+02  2.33018478e+02  2.33210800e+02  2.28334854e+02  2.27787262e+02  2.39282410e+02  2.52171661e+02  2.46928284e+02  2.47358902e+02  2.36421707e+02  2.39694138e+02  2.34623505e+02  2.43749847e+02  2.38572449e+02  2.23080475e+02  2.15578827e+02  2.16872467e+02  2.19621979e+02  2.15963318e+02  2.10973785e+02  2.09934265e+02  2.00203186e+02  1.95719940e+02  1.92619400e+02  1.89357956e+02  1.87481796e+02  1.83586609e+02  1.70327332e+02  1.60736099e+02  1.58266586e+02  1.62350296e+02  1.58257690e+02  1.51310211e+02  1.39261566e+02  1.33684814e+02  1.28167755e+02  1.26706696e+02,1636.644438,40.4554624,0.9788964439349034,weighted3,13,0.576769932640023,0.9192040484424233
107, 8.58078308e+01  8.11256561e+01  8.39873734e+01  7.30952682e+01  5.95837364e+01  4.87595253e+01  4.11783791e+01  4.18186646e+01  4.21314316e+01  3.59846191e+01  3.84180183e+01  4.25449905e+01  3.23568878e+01  2.74367275e+01  2.64723091e+01  2.28382530e+01  2.27532425e+01  1.70630302e+01  9.99401379e+00  7.02216768e+00  6.94644022e+00  8.38518429e+00  4.82633114e+00  7.88652420e+00  5.78650427e+00  6.11444902e+00  1.18245754e+01  1.01173716e+01  5.22539568e+00  1.47817671e-01  3.07540631e+00 -2.41949511e+00 -2.64060163e+00 -4.62151289e+00  1.47466636e+00  3.47177744e+00  1.02560606e+01  1.94101524e+01  1.81309757e+01  2.02877541e+01  2.70173359e+01  2.91831951e+01  3.39260330e+01  4.19245682e+01  4.45463486e+01  4.93608322e+01  6.11115150e+01  6.45313416e+01  6.82661972e+01  7.91012268e+01  8.22027283e+01  8.97162018e+01  9.63284454e+01  1.01627426e+02  1.11693268e+02  1.25447403e+02  1.33622070e+02  1.45454697e+02  1.49026489e+02  1.54979935e+02  1.58408096e+02  1.58513626e+02  1.61411804e+02  1.75075867e+02  1.80592560e+02  1.85436829e+02  1.83881882e+02  1.94035645e+02  2.02103500e+02  2.07658752e+02  2.14459641e+02  2.03405396e+02  2.03146042e+02  2.06256989e+02  2.10883316e+02  2.07267532e+02  2.18104340e+02  2.29279633e+02  2.28361893e+02  2.24804276e+02  2.23136978e+02  2.24674194e+02  2.22241272e+02  2.25502960e+02  2.22862625e+02  2.16310257e+02  2.10858917e+02  2.13673904e+02  2.18413345e+02  2.21878525e+02  2.14021149e+02  2.12364960e+02  1.96126740e+02  1.94174072e+02  1.92053467e+02  1.99298416e+02  1.86867645e+02  1.68458694e+02  1.58587250e+02  1.61378189e+02  1.64009460e+02  1.57246826e+02  1.48572250e+02  1.47185669e+02  1.37556900e+02  1.36983856e+02  1.30678696e+02  1.29501602e+02  1.24398209e+02  1.17276199e+02  1.09027229e+02  1.01377838e+02  9.92871094e+01  9.82417831e+01  9.56932831e+01  9.39324341e+01  8.11240082e+01  7.43059921e+01  7.38775406e+01  7.76044312e+01,1167.143708,34.16348501,0.9865965184106076,weighted3,13,0.5771922521376006,0.9247383198572476
108, 59.01239    53.509968   54.051544   44.673904   31.92961    27.481077  25.783901   26.366442   25.532652   17.522675   19.54893    23.193214  15.188923   12.888385   13.874413    6.894538    8.633337    5.740895   6.654712    7.9998775  10.771056   13.944908   12.81928    18.532768  19.369139   22.257189   25.967255   28.327213   26.27605    26.188173  36.278576   34.985188   35.210632   40.778645   50.480072   54.983578  64.38912    74.71252    76.09501    81.429726   91.351456   96.5937 104.87276   115.62202   121.05673   121.67821   135.14772   137.68202 138.41295   148.6389    157.71329   162.19772   167.49525   170.07118 176.97636   184.82797   185.07619   195.32356   190.78023   191.89445 196.05818   192.70805   193.1737    200.3615    203.61366   207.89784 201.55786   204.99683   205.71721   206.85323   209.1066    194.39624 186.84871   188.12907   197.3495    192.8008    189.70547   197.39302 193.26405   186.51355   186.71185   188.07683   189.78662   182.51543 175.83978   166.6798    161.76843   166.70082   166.77512   163.82278 158.74757   158.08296   144.56728   141.07373   144.2587    148.70258 136.21423   120.98      112.93539   112.62303   112.35039   104.00122 105.13777   102.17504    95.453224   95.78155    91.373245   89.44351  80.98826    75.30494    74.00078    68.92925    67.28366    63.99343  63.35666    67.17642    59.27827    55.451733   55.43376    60.55604  ,524.5127746,22.90224388,0.9947047481682046,weighted3,13,0.589915071459075,0.9570255920329243
109, 29.955862  25.249073  24.497454  18.733034  12.758851  12.451646  15.810562  19.07828   23.277617  18.47424   21.397575  22.598974  21.715235  24.58223   27.743593  24.157719  31.450762  33.767273  38.3559    43.03754   49.84816   55.504074  58.47714   65.00418  66.42869   72.99821   79.02002   82.02228   85.91152   91.91718 105.903984 106.30057  106.458824 112.47068  121.178246 126.27318 134.98311  147.79182  145.70607  153.85318  159.82959  166.74054 172.31873  182.70714  185.06656  183.15794  187.65092  187.83313 186.59525  193.17503  202.78543  201.9527   203.12492  200.87717 203.04828  202.56181  200.6429   204.91405  195.2877   191.53523 194.98436  192.35147  190.92618  188.78873  189.51237  188.11032 181.75996  179.37549  179.0288   178.63652  175.16534  161.61494 150.96886  150.20723  158.95995  155.72113  145.91743  148.64291 142.96416  137.22203  139.09566  143.3858   145.90793  133.82564 126.08473  119.94646  117.08229  118.28923  117.18746  114.459785 111.53291  109.2619   101.81038  100.29387  105.04061  103.7398  93.70651   82.55103   78.39592   75.76266   72.570786  69.06142  76.146     67.690544  63.170563  62.90147   61.111023  55.87614  47.288513  41.510506  42.636707  37.56021   35.724644  32.381714  34.168716  35.297848  29.907558  28.260508  27.461327  30.028563,476.3663487,21.8258184,0.996138820099131,weighted3,13,0.6035464102612197,0.9481386192733603
110, 31.216969  31.116133  35.801807  38.532597  43.347336  43.3065  48.267536  51.49684   55.706944  56.410637  59.99798   63.345303  69.4325    76.72871   77.97665   81.66583   86.560356  91.05144  97.344925 103.376396 109.47002  113.0714   115.89862  117.287964 119.94531  123.44481  131.86345  132.03435  137.36067  144.2078 152.97829  152.95822  149.63481  150.27982  155.01611  159.24883 163.50772  172.49033  166.16692  170.76497  168.85887  171.71243 173.25923  176.43118  175.33925  172.1023   166.46556  163.89421 161.92401  165.60904  169.32399  165.44676  160.33302  153.84738 152.09227  150.83144  153.31711  149.04024  139.82355  136.88612 136.6059   137.94028  136.59576  128.25504  127.64755  120.553185 119.548485 117.34415  121.00914  122.81611  115.84888  108.681885 101.185684  98.00026  100.99673  100.13964   96.88993   92.82858  88.831696  87.41507   89.653244  93.85617   92.112305  82.964676  76.79633   74.84381   74.7315    70.2732    67.779076  70.47167  69.71314   66.49711   63.692314  63.470695  64.686516  58.820778  53.05545   47.991497  46.43936   45.426018  43.217804  46.532524  48.59003   38.1667    37.197163  37.948017  35.800606  29.102915  27.62557   22.509876  22.441948  18.057556  16.926254  17.443115  20.941158  14.583246  10.425178   9.346792  10.379292  11.182459,413.2568014,20.32871864,0.9888863874760944,weighted3,13,0.5907757442552148,0.9413024390058152
111, 70.54227   70.23481   76.4635    85.57892   93.56025   97.979195 102.696266 107.00936  106.75461  105.57858  108.44351  114.0092 119.0213   127.13558  122.68335  124.16382  124.93365  128.82275 136.87938  138.81003  136.53883  135.29337  137.74197  133.23822 137.89252  131.86887  137.15535  134.66104  133.0952   131.79524 137.549    137.7785   133.74051  128.06494  129.11195  134.40025 134.8548   137.76494  127.97104  123.29463  120.84201  117.549675 119.67593  119.76942  117.45289  110.52888  109.051956 104.61295 102.344795 104.70945  106.458595 106.23555   95.59608   88.42794  83.19549   89.05801   90.33734   82.58287   75.431274  79.8055  79.69889   79.3809    81.8309    75.83411   72.63002   69.74572  70.29575   66.96446   74.4781    76.35901   72.16515   68.68278  64.438484  63.88264   62.056633  61.906788  62.371365  55.49  56.528236  56.1507    58.606495  62.371693  56.31371   49.98428  45.201824  40.523132  40.471874  34.18543   31.923452  36.629337  39.108204  38.480587  36.297806  33.117905  29.839233  25.286718  22.170345  21.015131  19.462166  21.957191  24.961336  27.391092  24.409737  15.899849  17.10324   18.118086  17.397467  14.833419  18.625078  16.641773  17.300047  16.23858   20.377666  23.889282  24.999441  19.713661  20.317768  23.00813   25.823412  26.54826 ,1132.401037,33.65116695,0.9790456259212306,weighted3,13,0.5979910325544433,0.9182541486549743
112, 95.41901   96.793594 106.49312  119.604774 125.73325  130.66814 134.85846  134.53398  125.27722  120.840866 121.27302  131.54248 133.21176  137.06335  128.83783  127.76427  119.5231   119.50615 132.39082  134.91484  129.59103  124.385864 122.088394 114.70906 124.755196 112.05695  113.85194  111.62902  106.62672  102.430466 102.9132   102.8406    95.34769   92.745544  95.50063  100.39496 101.833435 100.17111   94.76001   85.690834  85.586     78.84562  83.91191   77.691574  79.34005   69.35579   73.61286   69.09311  65.43384   69.59221   70.78945   72.14678   60.40741   53.89856  47.362267  56.041855  54.916462  45.86977   37.810818  43.112335  43.402164  42.907272  45.9282    38.76352   35.34025   36.336315  38.49966   36.207546  39.73433   44.09938   40.809383  38.70998  35.055817  34.23626   35.573093  36.020733  35.532707  28.460367  31.935413  34.679504  38.746155  41.26847   40.266396  34.13544  29.420347  23.478168  23.374535  20.411015  14.025407  18.516676  24.486128  28.924622  26.797405  21.541578  19.49643   17.785103  18.918003  22.761189  19.74419   21.564367  25.08294   23.65683  22.55336   20.75936   26.03757   27.983109  24.898655  24.341417  30.827927  34.08259   36.888588  39.195736  43.244644  50.33515  51.06072   48.479706  52.33075   55.441048  58.694912  61.859795,1814.944092,42.60216065,0.9774503833194592,weighted3,13,0.6085039203713414,0.8947344639456181
113,200.60075  197.0738   201.29031  194.89728  189.13707  193.0303 186.50468  190.40678  185.08662  179.83537  179.29298  183.35115 176.42905  172.78233  162.71619  157.48172  154.87173  152.61667 148.35321  135.03964  137.43777  137.04678  138.52907  133.86646 126.91548  124.406456 117.268234 110.24604  103.869484  98.31714  98.66574   88.96917   79.907135  75.37793   80.67417   85.81465  87.19683   85.1501    78.68309   71.28211   69.14992   68.16767  68.31851   67.43887   60.909283  53.377983  53.3801    53.703213  51.73176   52.93083   54.01308   52.321754  46.319763  41.875896  43.69404   46.362026  42.56391   30.292847  23.221777  19.121824  20.954132  19.396172  24.540718  26.362661  21.185406  20.464365  21.0471    20.50099   18.347864  20.424482  17.603275  14.629723  11.266383  10.867987  12.96417   12.120867  10.203247  11.141752  13.269274  17.571114  18.17401   24.355726  27.873596  24.792562  28.490425  23.873726  27.38747   30.025656  30.66693   32.675674  37.529537  43.02281   47.083733  48.349007  52.848194  59.13258  64.15786   70.90868   69.656624  70.76072   73.2382    74.87371  82.02971   87.27441   91.18419   96.35414  102.71884  110.14644 119.01787  129.95203  132.948    137.32736  139.01431  143.36403 144.79387  149.37308  154.97894  162.1632   162.29367  171.63013 ,3162.945431,56.24006962,0.9828548588342282,weighted3,13,0.6109084924835506,0.6207757856280879
114,174.89964   168.34673   167.65584   157.99904   146.7259    150.5937 143.15775   148.60384   147.53731   140.28194   139.04694   138.86432 129.63219   121.648186  112.0317    106.074776  109.01632   105.913704  99.82664    87.506325   88.66407    89.68922    91.40122    89.21952  83.45414    82.40926    77.89802    70.499504   64.95272    60.21862  60.358047   51.72293    46.190304   40.872116   43.418285   47.25068  48.813286   52.26602    44.431435   38.69631    38.03049    38.219997  35.758564   36.304035   29.968977   25.562948   25.202314   26.263857  25.745049   25.75701    28.301796   27.388414   22.742659   21.421947  22.286444   23.14509    20.05824    13.881587   10.733643    7.1324983  11.923609   10.386955   16.284182   19.094624   13.732719   15.810886  16.94926    15.059675   16.036188   21.41659    22.790031   21.802835  19.915434   23.383026   28.056936   26.817898   23.696102   30.21725  34.75267    42.2254     44.26616    56.405384   64.52704    67.18311  73.09108    71.68721    72.919334   75.69265    80.07259    83.99453  88.26828    94.55819    97.36917   100.827126  105.77172   112.709145 119.66467   124.70473   123.07186   120.808754  121.77168   121.232376 130.88075   135.16252   135.91241   135.34467   141.87798   147.45668 152.45117   163.58575   162.68938   164.09079   163.27165   168.0759 167.44853   170.65244   173.17267   177.84451   172.54417   176.30879  ,4308.028563,65.63557391,0.988941020583799,weighted3,13,0.5994709893555592,0.39252242833793166
115,164.19365   158.7558    158.6422    148.6217    135.09526   130.44899 120.28263   123.94992   126.49593   119.35861   118.01461   118.36633 108.54924    96.920944   89.78213    87.34731    89.655495   84.93209  75.707794   65.61163    67.61246    69.535416   67.55149    67.231346  65.084      63.45367    65.17224    57.29606    55.766644   50.6873  45.919144   32.664562   26.430285   19.984356   21.979858   21.135796  25.497686   35.332565   28.009119   23.969358   23.199667   22.66837  17.021412   12.342047    5.3215127   3.3178573   2.2051442   3.5879502   4.196214    7.2023296   5.489845    6.748998    4.7195854   5.774931   7.510233    7.199452    9.014352    6.436711    6.7595253   3.6130345  11.150108   14.062432   20.154726   21.790062   20.42436    23.34896  29.386732   32.742756   36.929634   49.101532   52.55126    50.982056  53.84908    59.25704    66.96086    68.30335    71.55601    84.20543  91.30193   104.39724   108.11721   123.744446  135.65877   143.83699 149.91693   153.32643   152.10487   153.59633   161.19876   172.94705 175.07973   181.29832   180.85724   186.67918   188.33708   197.09917 203.63478   202.13318   198.35326   194.58899   193.62926   191.5883 200.7485    204.62688   202.42276   198.27644   199.4813    198.29413 200.29689   207.43785   199.88458   195.65584   191.4679    199.43951 197.6752    193.94106   190.12158   189.37975   180.8537    180.59616  ,7044.843916,83.93356847,0.9894634292727432,weighted3,13,0.5751518025177254,0.3688266165563217
116,131.09988   124.05433   123.10978   110.933655   96.222435   87.162735  75.9369     80.972244   86.70067    79.8227     81.11666    81.06303  69.84143    61.22684    56.842937   54.005997   58.70271    53.70262  40.65391    31.120827   28.710535   30.576237   28.801159   29.976955  26.008873   24.291258   30.037664   23.212538   18.28899     9.26188   7.9324     -2.7645254  -3.5128062 -13.587672  -13.010189  -13.300221  -9.375536    2.3508434  -5.840875   -8.647427   -6.089028   -6.368989  -9.326836   -5.927643  -10.854648   -7.2799196  -1.463105    1.0633212   5.152221   11.657285   10.862528   18.246937   20.588465   25.722115  32.14476    42.00188    49.762524   57.372707   64.12523    70.023  77.05001    78.67785    85.61176    97.91418   100.39901   106.35759 109.66636   117.79837   130.18227   140.30695   149.34814   143.92372 148.9104    156.77428   160.00748   158.99088   171.62282   186.70477 192.4473    197.70749   198.06079   208.8945    210.04771   221.15494 224.56418   223.60843   218.64995   218.59575   229.83044   240.98294 236.24794   237.2085    226.4747    229.00963   224.64694   233.86945 229.19923   214.79466   207.30983   208.47264   211.59697   207.07098 202.64388   201.81093   192.2008    187.33287   185.28413   183.72105 181.50803   178.86765   166.66472   158.10312   156.3048    159.83221 155.2693    150.17726   139.25291   134.67201   128.86205   127.42816  ,9424.50983,97.07991466,0.991842148814995,weighted3,13,0.5617829421122221,0.4077285785706791
117, 9.06908417e+01  8.49649887e+01  8.65700531e+01  7.49362106e+01  6.08907051e+01  5.13267021e+01  4.34888306e+01  4.53658867e+01  4.65203362e+01  3.99078255e+01  4.23871346e+01  4.54701424e+01  3.47660065e+01  2.98723946e+01  2.83864117e+01  2.38961315e+01  2.52720490e+01  1.99051056e+01  1.19661913e+01  7.64052725e+00  6.63548517e+00  8.16966820e+00  5.58356905e+00  8.53901768e+00  5.47402334e+00  5.70340395e+00  1.08436489e+01  8.64567566e+00  2.84936309e+00 -3.21064353e+00  4.94379044e-01 -4.84650993e+00 -4.23974276e+00 -7.47093773e+00 -2.19935727e+00  2.09525257e-01  6.32573128e+00  1.55292978e+01  1.30589600e+01  1.44764175e+01  2.13089180e+01  2.34359169e+01  2.77992935e+01  3.70100441e+01  3.88205490e+01  4.36021080e+01  5.56661873e+01  5.90852203e+01  6.30499268e+01  7.31461945e+01  7.67168732e+01  8.46273193e+01  9.08063583e+01  9.63039932e+01  1.06123695e+02  1.20269279e+02  1.27856270e+02  1.39909470e+02  1.44018906e+02  1.50713226e+02  1.54596283e+02  1.53913712e+02  1.57540558e+02  1.72338684e+02  1.77133499e+02  1.82678116e+02  1.80628052e+02  1.89920364e+02  1.98841370e+02  2.03840118e+02  2.11421707e+02  2.00665802e+02  2.00557297e+02  2.04629196e+02  2.08517746e+02  2.04629272e+02  2.15123657e+02  2.26652298e+02  2.26301300e+02  2.22433548e+02  2.20604645e+02  2.22898132e+02  2.19793152e+02  2.23593201e+02  2.21547363e+02  2.14609146e+02  2.09050674e+02  2.11657715e+02  2.17474136e+02  2.20746078e+02  2.13011124e+02  2.11357407e+02  1.95336884e+02  1.93408401e+02  1.91005661e+02  1.98518936e+02  1.86176453e+02  1.67822754e+02  1.58222443e+02  1.61257843e+02  1.64542694e+02  1.57733276e+02  1.49012527e+02  1.47273300e+02  1.37161194e+02  1.36136871e+02  1.31087204e+02  1.30773163e+02  1.25671165e+02  1.18884270e+02  1.10595688e+02  1.03126465e+02  1.01804855e+02  1.00428436e+02  9.73195572e+01  9.62844925e+01  8.40291061e+01  7.80307236e+01  7.72371292e+01  8.05109329e+01,8586.476776,92.66324393,0.9915527748645095,weighted3,13,0.563510627741714,0.4130783044731335
118, 60.861942   56.290703   58.37275    49.38556    36.981106   30.44966  27.730694   27.463545   25.949001   18.8305     20.91929    25.418713  17.303234   14.480317   15.149461    9.511195    9.686939    5.8319883   5.702217    6.983965    9.795744   12.234162    9.958481   14.892913  15.586307   17.861774   22.18215    23.909678   21.577845   21.18246  29.040382   26.991291   26.656595   31.311022   40.709892   44.560017  53.634163   63.066467   64.595146   69.73581    78.72355    83.19944  91.187836  100.679016  106.15973   107.7972    120.55576   123.24573 124.57587   135.24173   142.6679    147.39311   153.31575   156.25233 164.05771   173.28244   175.8992    186.2078    183.25005   184.97647 188.3242    186.29515   186.67065   194.63028   198.77011   202.54861 197.55064   202.96191   204.78345   207.16614   209.91452   196.17398 190.08102   190.82037   199.17192   194.96364   195.29797   203.13167 199.18831   193.11855   192.853     193.43828   194.54066   189.39766 183.3659    174.93356   170.18178   174.72675   174.8473    173.10979 167.3391    166.42873   152.36429   149.06503   151.39268   156.15057 143.88637   128.42084   119.77038   120.11021   120.096886  112.311714 110.93424   108.67115   101.79592   102.35675    96.77116    94.98498  87.544586   81.685616   79.037926   73.584206   71.33958    68.71212  68.08567    70.23373    60.95905    56.03653    56.276894   61.590237 ,6591.170458,81.18602378,0.9923348709879,weighted3,13,0.5740004776499082,0.507354181065459
119, 38.091232  32.615665  31.14393   24.458506  17.561987  17.55329  19.950024  23.95251   28.533884  23.236105  26.118269  26.73422  24.83127   27.124895  29.592642  25.357271  33.2436    35.28253  38.451202  41.589207  47.179523  52.67399   55.90654   62.127075  62.64972   68.71155   74.264626  76.56127   79.20859   83.69165  97.46973   97.53296   98.19159  102.7576   110.64847  115.809265 123.87548  136.55972  133.65897  140.74872  146.84378  153.39854 158.52306  169.5044   171.24025  169.70204  174.87108  175.27515 174.48622  180.7864   190.31021  190.32707  191.42253  189.84058 192.27861  192.90283  191.1019   195.98474  187.58727  184.99988 188.86423  185.8063   185.28258  184.96309  185.41846  185.00156 178.65337  176.43645  177.23392  176.87476  174.6568   161.51485 151.69748  152.00452  160.03215  156.5679   147.81186  151.42758 146.58563  140.92967  142.51672  147.32416  149.11496  138.46266 131.53584  125.155    122.01768  123.22106  123.34854  120.98604 117.92095  115.78091  107.94494  106.481674 110.5736   110.07231 100.01742   88.48422   84.20714   82.04432   79.72493   75.94312  82.105415  73.91737   68.74365   68.08424   66.96334   62.53986  54.229786  48.653023  49.11718   43.994644  42.704567  39.34626  40.422405  41.920074  36.52898   35.160473  34.067963  36.3171  ,5467.748444,73.94422522,0.9876879394559912,weighted3,13,0.5795484331336516,0.5087248369896091
120, 23.40157   21.128752  23.030956  22.236383  23.734974  24.588354  29.133299  33.67942   39.413723  39.17164   42.85603   43.869453  48.17245   54.430393  56.12883   57.991364  66.040016  70.30302  74.99533   80.164246  86.66133   91.24308   95.40232   98.43152  99.098206 104.840485 112.67897  113.169304 117.89076  125.306305 136.31485  137.41948  136.48677  137.54109  142.24551  147.22478 151.68631  161.86768  155.3465   161.67668  161.26141  165.89133 167.87706  175.0685   174.30888  172.68321  168.22481  166.55528 165.46008  168.61421  174.51376  170.80797  167.62547  162.48721 161.93414  160.72859  162.6959   161.50957  153.35762  150.17648 150.5026   150.4995   149.07886  143.37682  142.51382  136.41875 133.41942  130.21867  134.09464  134.81963  129.44014  121.68284 113.22613  110.914215 114.35534  112.29404  107.21989  105.0315 100.28181   97.10028   98.71768  103.63343  102.3706    93.78131  88.21347   85.55444   84.913155  81.457115  80.292114  80.8056  78.9355    75.23327   71.66248   71.6604    74.199135  68.92242  62.34284   56.092796  54.264828  52.660442  50.179783  52.551304  55.32851   44.479427  41.734295  41.45491   40.677567  35.40287  31.820795  26.825169  26.627184  21.934196  20.405449  19.020916  21.894007  17.464672  12.48574   11.370571  11.157346  11.57792 ,3423.091734,58.50719387,0.9714952913386048,weighted3,13,0.5672270106372321,0.6012125413442544
121,  0.41902003  -2.4517827   -0.19325021   1.5042752    3.2071877   7.20294     12.642387    17.435757    20.07228     20.584599  23.969622    24.048836    27.67477     33.21253     31.416174  33.32816     41.285862    43.63327     49.849644    55.606403  58.910065    60.065887    64.3635      64.36441     64.81786  68.1421      74.793846    74.04902     74.2446      81.89472  90.76332     97.02783     98.984436    97.4859      98.68635 105.472946   106.09       111.10532    102.84728    107.854416 106.29758    108.96041    112.24181    121.58105    123.05609 124.0629     118.829094   116.883675   117.62348    117.91964 124.44498    120.37242    116.684906   112.39139    111.05917 115.094124   120.30061    121.20284    117.94744    118.28296 115.64567    115.28945    113.654976   110.851135   108.32492 102.85652     99.70531     94.96258    102.80292    103.80925 101.796715   100.26646     92.69458     89.9427      89.35109  85.81572     83.40472     78.721       74.55127     70.190475  70.551636    74.37549     71.28453     68.60135     65.86207  62.970276    63.00169     58.607956    56.297398    54.278927  52.471504    48.9808      45.72554     44.51615     47.285873  40.460617    37.254955    36.11467     33.91474     32.994576  32.104263    35.240692    31.905659    21.815475    19.352911  17.531723    17.616423    17.95218     16.856558    15.554765  14.893939    12.452208    10.928149     9.400109    11.299243   6.6771417    1.4268816    0.22380646  -0.6227278   -1.4638752 ,313.3755912,17.70241767,0.9685946925668022,weighted3,13,0.575383007739942,0.9375232746948486
122, 21.705648  18.054808  19.465576  22.011953  25.293108  31.991095  37.348675  44.20442   47.62036   47.82482   51.26446   50.69514  54.705135  61.49331   58.199604  59.292034  68.311935  71.935905  77.45405   80.35626   81.77697   82.60631   88.55897   87.11707  86.43737   88.15982   93.41591   91.36346   90.170364  95.318085 104.827034 110.336945 112.10267  107.67989  107.422745 114.81637 113.88413  117.877716 106.98376  109.04833  106.48683  107.947426 110.1301   119.362656 118.33735  117.42527  111.81071  109.09656 109.39893  108.226654 114.34088  110.648094 104.30732   98.93075  96.043    100.28214  103.791435 101.906975  98.17992   99.70288  97.63249   96.26479   96.26904   93.598404  89.324524  84.32862  81.2422    74.814224  83.65573   83.62332   81.49427   80.71536  73.69169   72.14358   69.56233   66.39254   63.60351   57.859722  55.24698   51.24844   51.699223  56.600178  51.68648   48.737057  46.764893  43.25754   43.810295  38.264908  37.18879   35.948795  35.554417  32.463196  30.99808   29.69073   31.213083  24.508581  22.234644  22.59882   21.543947  21.653349  22.339325  26.370607  23.311111  12.732236  10.921614   9.359053  11.827429  13.303295  13.962397  13.671268  13.764925  12.396294  13.18862   12.170962  13.5464     9.676233   7.047203   8.42843    7.940016   6.912375,298.3188784,17.2719101,0.970871666886178,weighted3,13,0.587311051206073,0.9313033470213283
123, 49.562325  45.595676  46.957474  52.281605  56.186283  65.78448  71.18187   78.17088   79.447975  77.00515   79.52057   80.38836  83.417534  89.87829   84.27872   83.00615   89.73376   93.5263 101.0878   102.259636  99.196335  98.63871  104.00817  100.68193 102.669235  99.4856   102.879265 100.26334   96.58303   97.1175 105.97949  110.69292  110.98858  105.31276  104.272865 111.76757 110.28677  113.34257  101.96761   98.79057   97.4412    96.26305  98.43137  104.67128  103.18982   98.71125   96.76778   93.168686  92.100815  91.11353   97.15673   95.71608   85.74474   80.103004  74.49251   80.00001   79.82955   75.92998   70.9234    75.10377  75.032135  71.98576   74.45146   71.25769   65.454254  63.86969  61.295135  53.605564  62.12301   62.20115   60.73342   59.87551  53.674168  54.633633  52.476166  49.847775  45.70979   39.7935  40.4309    38.27425   40.165276  46.328102  41.523693  37.549263  35.19976   30.237267  30.087896  24.868319  23.871662  24.15613  26.665014  26.168955  24.953983  22.348927  22.212858  16.928808  15.751616  17.479345  16.787725  17.410595  20.14435   22.13748  20.626453  11.536321  11.36517    9.726557  12.886069  14.280313  16.505545  17.574272  18.898388  18.947674  22.495716  23.54974  23.71535   21.77583   22.918732  26.570911  26.56707   25.322498,399.0858039,19.97713202,0.9826309994728146,weighted3,13,0.5879139735382407,0.9152321776597064
124, 71.861115   75.205765   87.5115    102.7705    109.99697   113.72887 118.90957   115.92926   103.927734  100.56197   100.83547   112.89881 115.44815   119.1006    110.99562   111.69121   100.65656    99.407036 114.98662   121.20926   115.99551   109.73171   105.33922    97.4263 109.66667    96.642365   99.45291    98.136665   93.23349    91.19854  89.74729    91.99217    83.98382    83.54       86.60229    91.43828  92.677376   89.59785    86.49237    78.45268    78.13631    71.065216  77.323654   69.69859    74.477165   66.00416    69.64027    65.235466  61.73002    66.62235    67.693855   68.33366    57.12304    50.98032  44.695282   54.579144   55.670795   47.937744   40.625874   46.149242  44.449497   45.02075    46.581448   38.496143   36.004635   36.08675  38.827      37.812737   41.188103   46.53773    43.09875    42.36275  38.484608   35.98017    37.68829    37.59161    38.710987   30.161903  32.5852     35.294247   39.25084    39.75297    38.927002   33.691345  28.41043    23.035917   22.933754   20.379564   11.366279   15.092278  20.677193   25.025461   21.628927   15.796227   14.38201    11.28328  12.535327   17.465647   13.797527   15.217979   18.159384   16.772518  13.1083145  12.049108   18.078968   20.235357   14.671355   13.740238  20.818266   23.899761   26.47944    28.88097    31.297985   38.664803  40.13439    36.217484   38.56967    39.462555   43.429276   46.70015  ,403.3785649,20.08428652,0.990069500534076,weighted3,13,0.577713526367765,0.9052116344645238
